"X","logFC","AveExpr","t","P.Value","adj.P.Val","B"
"cg04182865",-0.0454628396714716,-0.0266259637936066,-6.50534240064701,1.69420066250985e-10,9.08440641713584e-06,11.7207035757482
"cg23189692",-0.0491669860100327,-0.0287953501981835,-6.44893514583035,2.39967009993912e-10,9.08440641713584e-06,11.3798246143809
"cg15961455",-0.0451639598973266,-0.0264509205692385,-6.28593381712375,6.4705878541224e-10,1.14683968987907e-05,10.4092418747057
"cg04252203",-0.0394941629918548,-0.0231303227312436,-6.26056177024421,7.53668434527278e-10,1.14683968987907e-05,10.2601085566629
"cg14023999",-0.0375896523730458,-0.0220149187849131,-6.24359267073332,8.34365848159536e-10,1.14683968987907e-05,10.1606600011978
"cg02111865",-0.0473901358246927,-0.0277547124148113,-6.23084317977689,9.00497364697916e-10,1.14683968987907e-05,10.086095666429
"cg17879101",-0.0361456915057479,-0.0211692424028418,-6.20675980932225,1.03968881481305e-09,1.14683968987907e-05,9.94560919227617
"cg19081101",-0.0489136953631288,-0.0286470068997344,-6.20452935990448,1.05359640778969e-09,1.14683968987907e-05,9.93262226873897
"cg20357538",-0.0404214130004787,-0.0236733799915391,-6.18879026340062,1.15703822995473e-09,1.15095279864722e-05,9.84109642162421
"cg03834767",-0.0394988475332902,-0.0231330663000913,-6.16710132403474,1.31600238397122e-09,1.15095279864722e-05,9.71530425350613
"cg12707346",-0.0385376899713997,-0.022570150595138,-6.04407240798071,2.71213595721496e-09,1.76073179353004e-05,9.00908916521617
"cg20720686",-0.0412547882747163,-0.0241614581678845,-6.01967215328129,3.12588157553784e-09,1.83920113241781e-05,8.87051254190586
"cg14039779",-0.0363309271246604,-0.0212777282985336,-6.00428943185592,3.41773976367884e-09,1.95800512250759e-05,8.78340304993005
"cg19690214",-0.0359863609360096,-0.0210759281705651,-5.99648707504878,3.57577667034769e-09,1.99601687470434e-05,8.73929483886387
"cg27073431",-0.0389546532678634,-0.0228143511271578,-5.98208898763815,3.88634534693809e-09,2.0157705068751e-05,8.65803248187952
"cg01606027",-0.0424785816613124,-0.0248781903086358,-5.97427402915115,4.06577995831334e-09,2.0157705068751e-05,8.61399725347811
"cg22365313",-0.0352206315878945,-0.0206274678006025,-5.93595355628434,5.06938161561863e-09,2.25891664231189e-05,8.39880725417268
"cg13692972",-0.0434801884329238,-0.0254647956731284,-5.91745091635373,5.63679553151016e-09,2.35986612924954e-05,8.2953431374649
"cg09166556",-0.0428978991493808,-0.0251237696067178,-5.89687382904122,6.34066177364204e-09,2.49662410677899e-05,8.18061463834058
"cg01752594",-0.0415898336416815,-0.0243576822901457,-5.80211985196996,1.08525346321624e-08,3.32760111186161e-05,7.65688296524829
"cg18634760",-0.0452140074903993,-0.026480231659587,-5.79724682603528,1.11544672047407e-08,3.365126111333e-05,7.63015206333687
"cg24056365",-0.0388207444524656,-0.0227359255097482,-5.78903282648634,1.16820300244129e-08,3.38992057971561e-05,7.58513950173234
"cg09674502",-0.0364379211949582,-0.0213403909096346,-5.78440225469289,1.19900727899909e-08,3.38992057971561e-05,7.55978907128998
"cg19963522",-0.0367529596896437,-0.0215248977203333,-5.75831928004373,1.3878751470525e-08,3.73329726027054e-05,7.41733295718968
"cg03766264",-0.0389446558916845,-0.0228084960204796,-5.74961756408386,1.45710580146502e-08,3.73329726027054e-05,7.36993472048851
"cg05613718",-0.0354553424800558,-0.0207649295993334,-5.74868893406272,1.464689601117e-08,3.73329726027054e-05,7.3648802436304
"cg08091050",-0.0438030343672134,-0.0256538750227561,-5.74657845014161,1.48206843381489e-08,3.73329726027054e-05,7.35339571205153
"cg11589287",-0.0350207588003345,-0.0205104094372588,-5.7386526683152,1.54914470721108e-08,3.73329726027054e-05,7.31029986453431
"cg20700740",-0.0455562957522071,-0.0266806976870444,-5.73342109785926,1.59502983473111e-08,3.73329726027054e-05,7.28188262787139
"cg09948350",-0.0412292387224293,-0.0241464947063178,-5.73152455855517,1.61198871137083e-08,3.73329726027054e-05,7.27158656805912
"cg03351487",-0.0442290456723551,-0.0259033746507674,-5.72764177659812,1.64725806920227e-08,3.73550085068057e-05,7.250516932006
"cg13429095",0.0352652071771991,0.0206535741334995,5.72287084391912,1.69162487231276e-08,3.78794508167645e-05,7.22464523939197
"cg01879591",-0.0365161210251226,-0.021386189761217,-5.7183947898121,1.73430606276035e-08,3.78794508167645e-05,7.20039008435367
"cg14615559",-0.0425088754751,-0.0248959323149624,-5.69624230270102,1.96145740523738e-08,4.11670226282161e-05,7.08059788100459
"cg02889973",-0.0373464045516326,-0.0218724572111835,-5.68885763081939,2.04342706261025e-08,4.11670226282161e-05,7.04075661522132
"cg23828301",-0.0393334247427815,-0.0230361840713843,-5.6406425867641,2.66668464868551e-08,4.73356508073629e-05,6.78176534632953
"cg03406844",-0.0425371813332932,-0.0249125100465966,-5.63642322959685,2.72929026155807e-08,4.74007653438077e-05,6.7591944991956
"cg11848173",-0.0357324686880629,-0.020927232535841,-5.63542406574084,2.74432367082292e-08,4.74007653438077e-05,6.75385182801442
"cg10702418",-0.0368484545012163,-0.0215808256257124,-5.62420630842638,2.9187337877997e-08,4.77750635792478e-05,6.69392706442539
"cg09357350",-0.0378753690764425,-0.0221822528681962,-5.6157987882895,3.05647357818382e-08,4.89260513213689e-05,6.64908453802932
"cg21263566",-0.0405195619105921,-0.0237308623077769,-5.60904550584367,3.17167212306001e-08,4.96743180712348e-05,6.61310859318004
"cg05627557",-0.0350995701510574,-0.0205565664346228,-5.60558838323418,3.23226753193242e-08,4.99052937377084e-05,6.59470688616703
"cg21574244",-0.0430371411211705,-0.0252053186636226,-5.5992471897739,3.34635394513245e-08,5.13029052010799e-05,6.56098015333327
"cg07621645",-0.0419617267906854,-0.0245754868441951,-5.59108338636291,3.4990105928789e-08,5.28982365326206e-05,6.51760992252668
"cg03992323",-0.0365303614797887,-0.0213945298876385,-5.57912073314,3.73500069259221e-08,5.50452268056637e-05,6.45416075172215
"cg14919082",-0.0375949159223953,-0.0220180014580462,-5.5688206577953,3.95053335049786e-08,5.69557026757208e-05,6.39962743324825
"cg07805029",-0.0407915962128179,-0.0238901830966679,-5.55872130675031,4.17358420518631e-08,5.83978893351865e-05,6.34624462227835
"cg05171937",-0.0446825369673629,-0.0261689683287877,-5.55705623755953,4.2115152161802e-08,5.83978893351865e-05,6.33745180520606
"cg02052762",-0.0444925006451888,-0.0260576708324095,-5.5165263086686,5.24534832578407e-08,6.83779838636642e-05,6.12415301212092
"cg10826999",-0.0426535694252484,-0.0249806744011507,-5.51197433426671,5.37582277827159e-08,6.94944732369775e-05,6.1002847579461
"cg23312431",-0.0364055594053503,-0.021321437763623,-5.50986573440297,5.43732570893609e-08,6.94944732369775e-05,6.08923432881038
"cg08476055",-0.0379128045569973,-0.0222041774940456,-5.49879741964877,5.77154472239447e-08,7.17980163465872e-05,6.03129155295922
"cg04144521",-0.0351450434602492,-0.0205831985300411,-5.49563383222025,5.87068469773011e-08,7.22709149924951e-05,6.01474938834434
"cg25139649",-0.0394235254343788,-0.0230889528330715,-5.48935098884097,6.07250460780781e-08,7.34435696177645e-05,5.9819222607721
"cg19152255",-0.0435807397210056,-0.0255236849764631,-5.47949626957289,6.40270804312199e-08,7.48644041921253e-05,5.93050056935836
"cg16624482",-0.0444348388080391,-0.0260239003508621,-5.4786835774285,6.43070444829004e-08,7.48644041921253e-05,5.92626367311116
"cg00980622",-0.042381377787139,-0.024821261466244,-5.47169692946832,6.6763432836987e-08,7.69015837492702e-05,5.88986276247562
"cg08836481",-0.0376328344023659,-0.0220402089594276,-5.46802857804027,6.80894063031247e-08,7.80161250115276e-05,5.87076714769032
"cg08574915",-0.0358276071326633,-0.020982951729794,-5.46426342281223,6.94769586900621e-08,7.8538895183129e-05,5.8511796144954
"cg14578677",-0.0399030570533738,-0.0233697974001403,-5.43695659941831,8.03950952204219e-08,8.48219030889234e-05,5.70948469056123
"cg09322555",-0.0352179654048731,-0.0206259063122945,-5.43651345464525,8.05853396112241e-08,8.48219030889234e-05,5.70719049172017
"cg07053114",-0.0357801664721143,-0.0209551674268502,-5.43363465950522,8.18319070749866e-08,8.4890070789606e-05,5.69229082580743
"cg17525495",-0.0418591192492015,-0.0245153932665778,-5.42956418743045,8.3626490751307e-08,8.50723693297175e-05,5.67123559058077
"cg11341144",-0.0449547023291123,-0.0263283658745675,-5.41484098377766,9.04422423605628e-08,9.07339915294679e-05,5.59519607994152
"cg22153407",-0.0370444720433457,-0.0216956261093022,-5.41180969395102,9.19109789099995e-08,9.17844959114995e-05,5.57956379717126
"cg08164191",-0.0356788295451162,-0.0208958180028216,-5.40651389122983,9.45326679855223e-08,9.34029499707264e-05,5.55227243894381
"cg20242427",-0.0424472585511199,-0.024859845480114,-5.40390515355475,9.58506665827909e-08,9.39940996174486e-05,5.53883745274505
"cg27428551",-0.0380413644128551,-0.0222794704166196,-5.39665756080041,9.96066217675856e-08,9.5300204420094e-05,5.50154311140808
"cg09571972",-0.0445918770611909,-0.0261158720550681,-5.38038373490529,1.08568067938462e-07,9.93366941184749e-05,5.41796670408292
"cg21002528",-0.0368308762374176,-0.0215705306635226,-5.37477041544797,1.11836902410519e-07,0.000101024454999045,5.38919165106939
"cg24933919",-0.039974484928417,-0.0234116301591253,-5.37083490964199,1.14185421975008e-07,0.00010271969571884,5.36903361095489
"cg01058360",-0.0466946174485721,-0.0273473721071183,-5.36685815041498,1.16607136497066e-07,0.000103628394237202,5.3486778245534
"cg14181409",-0.0382843186875622,-0.0224217600705128,-5.34343166274917,1.31917172944331e-07,0.000113961779960242,5.2290417318274
"cg16374656",-0.0375597252543081,-0.0219973915387993,-5.33741368767059,1.36154635639947e-07,0.000115592152596382,5.19838514025927
"cg05501357",-0.0370491279692957,-0.0216983529190806,-5.33232574561939,1.39839959983786e-07,0.000116640457043948,5.1724906876821
"cg00259404",-0.0367081443387978,-0.0214986509676526,-5.32831173469699,1.42815497953182e-07,0.000118216478723984,5.15207765055871
"cg16998950",-0.0410053818077765,-0.0240153896951138,-5.29566596799881,1.69405396764471e-07,0.000131496077041422,4.98657651417736
"cg04247152",-0.0455541855934604,-0.0266794618423238,-5.28250690706908,1.81429490079349e-07,0.000138586666632541,4.92012597429642
"cg07151747",-0.0386940827098457,-0.0226617442444027,-5.27165413479562,1.91964948202846e-07,0.000144604049631551,4.86543454422993
"cg12313149",-0.0405079557052909,-0.0237240649672595,-5.26859387243912,1.95041350966019e-07,0.000144604049631551,4.85003111038543
"cg17090611",-0.0476991443221382,-0.0279356876711823,-5.26591944133043,1.97768965808963e-07,0.000145319341061536,4.83657635378809
"cg07268332",-0.0354762257491505,-0.0207771601852542,-5.26359383818543,2.00170833200983e-07,0.000145319341061536,4.82488155002135
"cg00439981",-0.0489509169380712,-0.0286688062486955,-5.25186379202777,2.12722884258628e-07,0.000149560425017865,4.76596592218452
"cg16844053",-0.035725620073469,-0.0209232215465247,-5.25089718942324,2.13790577365179e-07,0.000149560425017865,4.76111636106713
"cg16701266",-0.0406192494775147,-0.0237892457604326,-5.24947702590908,2.15368690069866e-07,0.000149794772614089,4.7539927006875
"cg12182708",-0.0377836505977198,-0.0221285366262869,-5.24147104691912,2.24478455782395e-07,0.000154318499752758,4.71386677057907
"cg02262553",-0.0393093496275418,-0.0230220841350114,-5.23580827027699,2.31146210447162e-07,0.000157251656294835,4.68551854774067
"cg10313337",-0.0351616957072539,-0.0205929511572204,-5.22477572750158,2.44692033810662e-07,0.000160002154878204,4.63036889417818
"cg21426759",-0.0363189973078062,-0.0212707414302711,-5.22474391415488,2.4473218455686e-07,0.000160002154878204,4.63021001796175
"cg07468327",-0.0386747340353783,-0.0226504124158248,-5.22359473261724,2.46186821034254e-07,0.000160002154878204,4.62447158174732
"cg00121045",-0.0360088179733235,-0.0210890804564045,-5.2227975129298,2.47200859610766e-07,0.000160002154878204,4.62049134049812
"cg07790752",-0.0386186759089654,-0.0226175811704605,-5.2221169747364,2.48069682635237e-07,0.000160002154878204,4.61709408631157
"cg16762030",-0.0404671325685679,-0.023700156312011,-5.21935919211441,2.51620837061661e-07,0.00016106300618326,4.60333132423368
"cg01763719",-0.0445358011509818,-0.0260830303943687,-5.21472403668348,2.57700661214217e-07,0.000162950888243623,4.58021438927983
"cg09187107",-0.0377751703551036,-0.0221235700506289,-5.20879300148443,2.6568803402251e-07,0.000166207715536496,4.55066174151304
"cg00828556",-0.0441687978236519,-0.0258680896344814,-5.203610982981,2.72862512755066e-07,0.000167285360388823,4.52486626350883
"cg25790531",-0.038489618729776,-0.0225419969833479,-5.20328079237451,2.73325962927686e-07,0.000167285360388823,4.52322340492178
"cg03594078",-0.0376226199356918,-0.0220342267105888,-5.19357126528886,2.873000129665e-07,0.000171584754875748,4.4749561899683
"cg06655349",-0.0362664323537981,-0.0212399560114027,-5.192325984621,2.89141523956435e-07,0.000171971877654472,4.46877168586209
"cg26709988",-0.0421122839448898,-0.0246636627998918,-5.18215249562451,3.04620147930831e-07,0.000175438640752756,4.41829709609306
"cg03418002",-0.0475917241834705,-0.0278727755270325,-5.17611054026141,3.14189293146867e-07,0.000179054997691291,4.38836328166212
"cg07302959",-0.0408515644076542,-0.0239253043296577,-5.16606413158538,3.30748311367881e-07,0.000185048234112259,4.33866049400699
"cg25600606",-0.0400269327304766,-0.0234423469662757,-5.16561629449208,3.31505793770239e-07,0.000185048234112259,4.33644694848861
"cg22111527",-0.0372540806726908,-0.021818386407957,-5.16472046719128,3.33026059491251e-07,0.000185421414709067,4.33201962513503
"cg05624376",-0.0391903282214112,-0.0229523775422601,-5.15751865048616,3.45495543458755e-07,0.000190899441144597,4.29645249745906
"cg22579028",-0.0418457762522315,-0.0245075787491217,-5.15290024567167,3.53728548034348e-07,0.000192999260418741,4.27366768821787
"cg02999224",-0.0352933210711579,-0.0206700394385278,-5.14434978731701,3.69474937906196e-07,0.000199973582768227,4.23153327007838
"cg04605532",-0.0403300445637949,-0.023619868756768,-5.14397238330762,3.70185364518124e-07,0.000199973582768227,4.22967499162445
"cg13471188",-0.035150712546362,-0.0205865187115931,-5.14084349452341,3.76126319760169e-07,0.00020217950570812,4.21427361753011
"cg23670353",-0.0394393652525888,-0.0230982296496805,-5.13980418353358,3.78120037300837e-07,0.000202400651124632,4.20915969218514
"cg01119452",-0.0354540215041274,-0.0207641559508438,-5.13556346002903,3.86361551016508e-07,0.000203658376891752,4.1883030005511
"cg24595580",-0.0355727891787336,-0.0208337139420905,-5.13353135190166,3.90372130751518e-07,0.000205275393392767,4.17831426595943
"cg05971678",-0.0450247658232673,-0.0263693995643262,-5.13050332871427,3.96423072676592e-07,0.000207954946799263,4.16343684430918
"cg21834463",-0.0368892574612804,-0.0216047224642114,-5.11777145560285,4.22873171950604e-07,0.000212608520862925,4.10096963389721
"cg24514600",-0.0403505918423416,-0.0236319025650078,-5.11128524522286,4.36996551220933e-07,0.000216213975456357,4.06920036881897
"cg11168614",-0.0370219091205045,-0.0216824118100858,-5.10302676921207,4.55640352762755e-07,0.000223911748976189,4.02880381302402
"cg19607845",-0.0366600815456803,-0.0214705023038512,-5.09873324392318,4.65634746244259e-07,0.000226775579994128,4.00782547862728
"cg24760467",-0.035352094929893,-0.0207044611914583,-5.08386873254301,5.01900076150112e-07,0.000239613260039209,3.93532143800754
"cg26561681",-0.0394576269216475,-0.0231089248579579,-5.07502414276232,5.24758770773192e-07,0.00024781968613537,3.89227229040915
"cg04609694",-0.0426133843371837,-0.0249571394282457,-5.07458499284022,5.25919591155447e-07,0.00024781968613537,3.89013660690493
"cg01580228",-0.0350054539772126,-0.0205014459481928,-5.0645120963835,5.53237478715596e-07,0.00025625489173699,3.84119624570842
"cg20954870",-0.0368842221657863,-0.021601773471221,-5.06342490521909,5.56266685716386e-07,0.000257110950064665,3.83591931292573
"cg01057573",-0.0386489842725979,-0.0226353316981124,-5.06202240759538,5.60198110573877e-07,0.000258379509898163,3.82911349734449
"cg03714676",-0.036486890866136,-0.0213690706995726,-5.06059942567221,5.64214399924591e-07,0.000259133913214311,3.82221004037797
"cg23137881",-0.0429317619028263,-0.0251436018137183,-5.05633062642683,5.76430544910851e-07,0.000262529141479273,3.80151102686314
"cg19092837",-0.0372979353187632,-0.0218440705101148,-5.05581668460992,5.77918436192264e-07,0.000262574656239088,3.79902004762187
"cg10647833",-0.0399727069958285,-0.0234105888874171,-5.05333062007665,5.85168301092658e-07,0.000264296969186456,3.78697382963177
"cg17951713",-0.0365614169442882,-0.0214127179656233,-5.04952249373728,5.9644429510018e-07,0.000266624071957514,3.76853207179432
"cg17837191",-0.036910623079594,-0.021617235544867,-5.0275883729075,6.65595455871816e-07,0.000285799074444368,3.66255849476313
"cg08305575",-0.0364590744753674,-0.0213527796315525,-5.02689390540759,6.67906765917589e-07,0.000285807219471307,3.65921010569635
"cg01441127",-0.0398256569240347,-0.0233244669048105,-5.02679393505019,6.6824012269589e-07,0.000285807219471307,3.65872813146025
"cg02041484",-0.0367220808600304,-0.0215068130911017,-5.02595471650663,6.71044890178818e-07,0.000286444063905742,3.65468246091798
"cg09417547",-0.0386598090242571,-0.0226416713691016,-5.0254301205043,6.72803925479491e-07,0.000286632905238523,3.65215382394491
"cg06997767",-0.0427662648204736,-0.0250466760749277,-5.01561563009754,7.06546307401095e-07,0.000295798329079266,3.60489095447323
"cg10426076",-0.0413989078697217,-0.0242458638747496,-5.01284648048579,7.16358663486256e-07,0.000298757243373483,3.59157108065418
"cg26314089",-0.0350618909335216,-0.0205344990607163,-5.00828410413549,7.32813006974234e-07,0.000304453037439486,3.56964030827325
"cg05448032",-0.0393796946600005,-0.0230632827117136,-5.00746782205979,7.35795201632387e-07,0.000304529687063442,3.56571847132512
"cg05697976",-0.0388083061595713,-0.0227286408452035,-5.00597506972011,7.41279151799768e-07,0.000305059492148978,3.5585480394096
"cg07102397",-0.0364631816883421,-0.0213551850797108,-5.00092973219083,7.60108043478208e-07,0.000309300039374216,3.53432726959577
"cg12691572",-0.0412904224341883,-0.0241823278242186,-5.00024575849207,7.62695877600189e-07,0.000309774053271569,3.53104549109215
"cg01982833",-0.0378788276808057,-0.0221842784494229,-4.99922586527022,7.66570483741007e-07,0.000310093745383837,3.52615269883519
"cg24914483",-0.0414939756153251,-0.0243015416628215,-4.99599899856492,7.78955083191263e-07,0.000310398693705951,3.51067828998617
"cg26298914",-0.0406968517623754,-0.0238346946510416,-4.98935856903785,8.05051674985506e-07,0.000315783332692513,3.47886298093544
"cg00278392",-0.0389478670796255,-0.0228103766987317,-4.98602350998606,8.18474822974542e-07,0.000319895815011773,3.46289883559435
"cg21932814",-0.0354216089648191,-0.0207451730825426,-4.98322045152816,8.29923671022755e-07,0.000323209987802601,3.44948882032142
"cg23428738",-0.0378353101182846,-0.0221587917650792,-4.97554270206026,8.62080227827679e-07,0.00032935708971731,3.41279336751672
"cg01477971",-0.0427007273499822,-0.0250082931158113,-4.97547952588813,8.62349752590109e-07,0.00032935708971731,3.41249163508889
"cg06102602",-0.0416876812534561,-0.024414988146692,-4.97093912024624,8.81934721100894e-07,0.000335659420950462,3.39081563982299
"cg00382999",-0.0351236021761922,-0.020570641134658,-4.96837683089873,8.93175943034138e-07,0.000337305419237618,3.3785912258889
"cg24743156",-0.0382496977706686,-0.0224014838342203,-4.95802868174085,9.39998857983383e-07,0.000349551862167169,3.32928011772514
"cg20107506",-0.0450978888556302,-0.0264122251164967,-4.95783101873749,9.40915899081126e-07,0.000349551862167169,3.32833912999189
"cg24496021",-0.0411797248927434,-0.0241174962221486,-4.95391300309312,9.59272425733014e-07,0.000355159195717818,3.30969426243327
"cg23745290",-0.0432971459850493,-0.0253575942394956,-4.95144824508046,9.70996820982313e-07,0.000358281369369236,3.29797201979714
"cg09789874",-0.0360830068775719,-0.0211325302517248,-4.94120133725695,1.02123934958817e-06,0.000370539677342242,3.24929573957667
"cg16378063",-0.0409919975938845,-0.0240075510383765,-4.92261339532505,1.11885415348844e-06,0.00039222954784933,3.1612330611788
"cg10611016",-0.0419217936844623,-0.024552099448068,-4.91705928182652,1.14972805204408e-06,0.000397926545198722,3.13497891990407
"cg16824282",-0.0359682532799461,-0.0210653231622062,-4.91366366065428,1.16900656525329e-06,0.000400775951583686,3.11894132666515
"cg16163847",-0.0367903372184051,-0.0215467884058841,-4.91234071317666,1.17660165096138e-06,0.000402355320591978,3.11269577266205
"cg20518446",-0.0413231354047955,-0.0242014866444169,-4.91221778801407,1.17730978051029e-06,0.000402355320591978,3.11211552897285
"cg11597277",-0.0432938597420564,-0.0253556696041764,-4.90842734154686,1.19934814738422e-06,0.000407055247015412,3.09423003301282
"cg09290120",-0.038964303408318,-0.0228200028702562,-4.90099832327473,1.2437017647401e-06,0.000414926321629347,3.05921248369595
"cg03340036",-0.0397582633341842,-0.0232849968827826,-4.8928956834272,1.29388033297592e-06,0.000421042972330132,3.02107533825964
"cg01435643",-0.0379542080537427,-0.0222284260454612,-4.88709412509519,1.33100217502928e-06,0.000429053898693853,2.99380447148322
"cg01565508",-0.0363444149005971,-0.0212856276078672,-4.88214144284322,1.36350314589403e-06,0.000433080052194022,2.97054738743921
"cg27123392",-0.0370650413114414,-0.0217076727960364,-4.87134239706435,1.43704435265213e-06,0.000441247610116175,2.91991184919616
"cg12488187",-0.0383735253092355,-0.0224740052073319,-4.86609106993164,1.47417346809434e-06,0.000449817127715375,2.89532624242816
"cg09727050",-0.0375426749832181,-0.0219874058031085,-4.85082633149196,1.58742799976256e-06,0.000465325118824361,2.823998577717
"cg24737761",-0.0367867800322317,-0.0215447050888071,-4.84490184220029,1.63360505498051e-06,0.000469176544154693,2.79637076136199
"cg09501509",-0.0357258367817327,-0.0209233484648259,-4.84391649089309,1.6414096472038e-06,0.000470796943605094,2.79177876466182
"cg04747180",-0.036929563794495,-0.0216283284460766,-4.8419762086022,1.65688306015299e-06,0.000472481868349782,2.78273905308838
"cg03423077",-0.0381419159120732,-0.0223383598436093,-4.83423684229328,1.72001346594506e-06,0.0004837815652923,2.74671479735804
"cg25218152",-0.0367282308142458,-0.0215104148999517,-4.82555962162624,1.79355016129417e-06,0.000498030446573648,2.70638827782299
"cg14575356",-0.0380193688030813,-0.0222665883724339,-4.82402679667049,1.80685133964048e-06,0.000501084760050613,2.69927156594947
"cg12058385",-0.0352850718555588,-0.0206652081671542,-4.81565463932695,1.88119505933496e-06,0.000510007676733773,2.66043748340055
"cg15684702",-0.0356848086046292,-0.0208993197247391,-4.81350125670485,1.9007881460931e-06,0.000513401463280977,2.65045911705956
"cg17207736",-0.0354729093086707,-0.0207752178643439,-4.81068817351518,1.92667998923176e-06,0.000517186477997232,2.63743002306184
"cg01440934",-0.036218923441313,-0.021212131735734,-4.80989093872687,1.93407936904629e-06,0.000517895545684352,2.63373882267691
"cg06992688",-0.0372203276931563,-0.0217986184916212,-4.80650018412486,1.96585691414407e-06,0.000524469424275935,2.61804591744345
"cg07000116",-0.0363143760966132,-0.0212680349516878,-4.80072887174614,2.02110444474709e-06,0.000535273038468907,2.59135891742866
"cg23187316",-0.035878010370506,-0.0210124711086005,-4.79927050990916,2.03529994856188e-06,0.000537072483396268,2.5846200193656
"cg09205945",-0.0384074906631038,-0.022493897503741,-4.79738410288682,2.05380447573764e-06,0.000539340451589968,2.57590598266041
"cg23338668",-0.0357558404302973,-0.02094092053173,-4.79355104373053,2.09190485670495e-06,0.000544746037445775,2.55820935020776
"cg05954830",-0.0373675925507479,-0.0218848662666094,-4.79288396390059,2.09860475369058e-06,0.00054574342588847,2.55513088067661
"cg12559197",-0.0352530828125188,-0.0206464733255136,-4.79267093400332,2.10074869496802e-06,0.00054574342588847,2.55414786415679
"cg18279004",-0.0359192656760101,-0.0210366328696913,-4.78129069486137,2.21839674362949e-06,0.00056156391986993,2.5016928974402
"cg04771100",-0.0362021263751275,-0.0212022942931253,-4.78058544655809,2.22589258513412e-06,0.000562154078635381,2.49844598204031
"cg00261690",-0.0357034149600523,-0.0209102168035271,-4.78008124200285,2.23126654482697e-06,0.000562185541166516,2.49612492947226
"cg16097772",-0.0350915454598491,-0.0205518666591773,-4.7763310969918,2.27163050399847e-06,0.000569739586083487,2.47886862361089
"cg21184369",-0.038057082845173,-0.0222886761418408,-4.77447212894888,2.29189885268288e-06,0.000573501586470187,2.47031921076118
"cg18568335",-0.0366215687996448,-0.0214479467620298,-4.74999874824244,2.57551334099953e-06,0.000611023817566143,2.35805251034628
"cg13277939",-0.0362984236576284,-0.0212586921771075,-4.74251108081939,2.66883427010901e-06,0.000623396159444991,2.32381084318416
"cg04603130",-0.0386896843390649,-0.0226591682755014,-4.73577132654671,2.75560933777497e-06,0.000633874697118959,2.2930321383367
"cg02098075",-0.0389109916203344,-0.0227887800573637,-4.73357128346525,2.78451820901665e-06,0.000638766716652185,2.28299387419918
"cg04855678",-0.0372530252265969,-0.0218177682708217,-4.72910983072847,2.84404074870191e-06,0.000648322168578435,2.26265058574628
"cg08169020",0.0363701705742912,0.0213007117873909,4.7284351086261,2.85314844929821e-06,0.000649718009845418,2.25957553862756
"cg13581015",-0.0376218727515149,-0.0220337891114641,-4.72781632483106,2.86152573053622e-06,0.000650265293880726,2.25675578710471
"cg02067584",-0.0386408957206339,-0.0226305945216998,-4.72122983068758,2.95217475410244e-06,0.000665420251954869,2.226762775623
"cg12816198",-0.0367850499518668,-0.0215436918424395,-4.72061900443605,2.96072005533172e-06,0.000665420251954869,2.22398320702745
"cg23314364",-0.0352550050893761,-0.0206475991345122,-4.71177479162965,3.08714644699303e-06,0.000682306377167901,2.18377484475955
"cg22249612",-0.0361717928185965,-0.0211845290108913,-4.70499664454042,3.18753701329076e-06,0.000699030699262728,2.15300664063668
"cg10548102",-0.0389866570363677,-0.0228330945929776,-4.69404996859018,3.35632878653461e-06,0.000722008672755519,2.10340270023748
"cg13424393",-0.0356121957878156,-0.0208567929876192,-4.68509020967303,3.50084775730688e-06,0.000744272028091511,2.06288191577499
"cg01699630",-0.0352959457681733,-0.0206715766299616,-4.67750230401326,3.62790053843834e-06,0.000763823933479717,2.02862144877194
"cg13466002",-0.0357497222824798,-0.0209373373507531,-4.66827069724034,3.78845805036928e-06,0.000789231882837695,1.98700880319234
"cg09416908",-0.03630498933115,-0.0212625374579287,-4.66730344032997,3.80567063215653e-06,0.000791839994227661,1.98265317746743
"cg08110693",-0.0397218885983346,-0.0232636934972765,-4.66715874018048,3.80825206227084e-06,0.000791839994227661,1.9820016544547
"cg06122230",-0.0360559852027854,-0.0211167046205124,-4.65951794707776,3.94697920165779e-06,0.000813690693372065,1.94762501499738
"cg25006077",-0.0350783338906249,-0.0205441291142646,-4.64643723920963,4.19582039347122e-06,0.000841871059593258,1.88889489277371
"cg02806156",-0.0377168852730151,-0.0220894345567483,-4.64383378938126,4.24711437627635e-06,0.000849032873935134,1.87722411727133
"cg08688659",-0.0354765869256501,-0.0207773717134489,-4.64257465127643,4.272137931942e-06,0.000851689036432026,1.87158181429572
"cg25356504",-0.0357133305846003,-0.0209160240311907,-4.6401638870695,4.32044416579984e-06,0.000856856708130982,1.86078293760267
"cg00705730",-0.0363523355061136,-0.021290266424035,-4.63951761377566,4.33348293822789e-06,0.000856856708130982,1.85788887847947
"cg09467433",-0.0418766354936852,-0.0245256519062667,-4.63796786610375,4.36490378836028e-06,0.0008599452983946,1.85095051807408
"cg12809098",-0.0371399194186373,-0.0217515262329431,-4.62220587862998,4.6971600171992e-06,0.000902534629959634,1.78050483149683
"cg04552418",-0.0377040779626529,-0.0220819337718334,-4.61938230403404,4.75919030434276e-06,0.000911236349389111,1.76790881620159
"cg05580141",-0.0352125379135752,-0.0206227276242092,-4.61210608967175,4.92268616552654e-06,0.000929951784020089,1.73548242071698
"cg03048029",-0.0394678218740371,-0.0231148956779763,-4.59340906699312,5.3679152793348e-06,0.000987823462646818,1.6523769387815
"cg07896832",-0.0381384437684604,-0.022336326332927,-4.59296103079558,5.37904465005205e-06,0.00098820086102644,1.65038933082465
"cg17500228",-0.0371757220704381,-0.0217724945692252,-4.58308952892021,5.6299513609435e-06,0.00101712897201444,1.60664241742301
"cg23478547",-0.0509072428504721,-0.0298145565645247,-4.57730549503892,5.78214476793448e-06,0.00103872611998567,1.58105031131696
"cg12709880",-0.0355996347288536,-0.020849436423367,-4.55505430123849,6.4052744169559e-06,0.00108854663588704,1.48287749922857
"cg02021919",-0.0360454432646305,-0.0211105305833063,-4.55452859406866,6.4207484974087e-06,0.00108986168429008,1.48056344495854
"cg09888840",-0.0357687718458995,-0.0209484940006579,-4.534939986448,7.02359073094297e-06,0.00115398920915191,1.39451555007577
"cg12678686",-0.0395126181930899,-0.0231411312844145,-4.5231821080039,7.41112282323837e-06,0.00118982406977802,1.3430318585892
"cg06373940",-0.0377177229446892,-0.0220899251511729,-4.50988059694367,7.87424404657031e-06,0.00123860038218089,1.2849391416757
"cg10593922",-0.0350453313319469,-0.0205248006926612,-4.50795226324092,7.94364331356483e-06,0.00124398082526421,1.27653060321244
"cg08764162",-0.0354043339215997,-0.020735055705832,-4.50105319796443,8.19676781671378e-06,0.00126828524057154,1.24647451680031
"cg25117875",-0.0392562972888754,-0.0229910132723308,-4.49597716393906,8.38792292529662e-06,0.00128685751996975,1.22438793031736
"cg02927682",-0.0387715707203911,-0.0227071262086207,-4.48893413898343,8.66023996737586e-06,0.00130925988951231,1.1937811327069
"cg27598107",-0.0376827146419948,-0.0220694220368326,-4.48777701881668,8.70578229627554e-06,0.00131249917306038,1.18875692460773
"cg22666015",-0.0358123268660543,-0.0209740026226017,-4.48709259691632,8.73282791929093e-06,0.00131384702006195,1.18578573739276
"cg00903825",-0.0353628526061296,-0.0207107615787647,-4.48303638705057,8.89477296207186e-06,0.00133132295109673,1.16818573669424
"cg11239720",-0.0365284932236468,-0.0213934357166463,-4.4764718292801,9.16297709579907e-06,0.00135699327466358,1.13973338497273
"cg18415791",-0.0355853650814199,-0.0208410791997826,-4.47356536503468,9.28418350330382e-06,0.0013656532085603,1.12714849323422
"cg07737292",-0.0366215050914423,-0.0214479094504077,-4.4713686183971,9.3768105147785e-06,0.00137186266738392,1.11764171132729
"cg03463948",-0.03514524529895,-0.0205833167397697,-4.44754493666348,1.04399077086878e-05,0.00147808480324631,1.01482055581009
"cg09046309",-0.0353209613601946,-0.0206862273700441,-4.43508279930307,1.10410472149098e-05,0.00153499321513409,0.961239124105543
"cg26930596",-0.0374014822246737,-0.021904714239975,-4.41295853061649,1.21907823968296e-05,0.00163149019450656,0.86646081615989
"cg04858164",-0.0428101908179266,-0.0250724019650446,-4.40379613184849,1.26997306520987e-05,0.00166851621180561,0.827339592798152
"cg01040749",-0.0352498673451219,-0.0206445901409368,-4.40287524924724,1.27519930140847e-05,0.00167437206222331,0.823411848525922
"cg07227049",-0.0364994638579305,-0.0213764342524593,-4.38366458592391,1.38903337394356e-05,0.00176837757606732,0.741649679571447
"cg08151370",-0.0355418066515562,-0.0208155685808939,-4.38048638795518,1.40877903299442e-05,0.00178351794937175,0.728155228172662
"cg22820233",-0.0366920059584381,-0.0214891992938404,-4.37073746036983,1.47103593493608e-05,0.00183704794744332,0.686818920879762
"cg08539965",-0.0360524979380558,-0.0211146622539312,-4.3392491555618,1.69059365341074e-05,0.00202076111464216,0.553894424307003
"cg23334433",-0.0387869672633437,-0.0227161434147206,-4.33680200255695,1.70890911383587e-05,0.00203329812797101,0.543601704437863
"cg22528270",-0.0371455361030528,-0.02175481572469,-4.3332177695647,1.73607746642291e-05,0.0020573982822007,0.528536241327467
"cg03155200",-0.0413252750330225,-0.024202739748361,-4.33234454214344,1.74275874106051e-05,0.0020619487930917,0.524867606417928
"cg06218079",-0.0382093977087253,-0.022377881525215,-4.33083789070312,1.75434429071164e-05,0.00207003117662832,0.518539435275036
"cg07033722",-0.0353658039703542,-0.0207124900875326,-4.32937384574972,1.76567267433889e-05,0.0020788909746002,0.512392192676129
"cg11083848",-0.0368655696283807,-0.0215908493452929,-4.32510805734462,1.79908000007106e-05,0.00210117873398858,0.494492067838733
"cg17356733",-0.0355738222846828,-0.0208343189953999,-4.32279388936559,1.81745504845201e-05,0.00211469783029397,0.484788258444105
"cg19430537",-0.0393355700200482,-0.0230374404837695,-4.31668464828356,1.86682912219755e-05,0.00215830430112802,0.459194256643764
"cg21492378",-0.0364263052745997,-0.0213335878793547,-4.31626091656536,1.87030075762605e-05,0.00216002373970924,0.457420336176748
"cg17331920",-0.0356434465216244,-0.0208750954278744,-4.29860487307209,2.0205644094374e-05,0.00228626232814201,0.383649723265428
"cg13468144",-0.0351255212134564,-0.0205717650463425,-4.29809211667902,2.025096000873e-05,0.00229019947735092,0.381511555462552
"cg15210526",-0.036581922578897,-0.0214247273844939,-4.29143325708942,2.08483331603487e-05,0.00233642189270953,0.35376616887042
"cg10501210",-0.0415382920986536,-0.0243274962465892,-4.27567428159852,2.23298211498441e-05,0.00245284017455484,0.288264147124234
"cg20008101",-0.0356294019830204,-0.0208668700425033,-4.27059902605796,2.28279595612605e-05,0.00249562357791258,0.267217017914524
"cg05398700",-0.0418184235095644,-0.0244915592232588,-4.25722275224767,2.41921520245646e-05,0.00259823951442907,0.211857867837198
"cg26928972",-0.0362653033578714,-0.0212392947987534,-4.23364668855694,2.67879506251479e-05,0.00279142768481282,0.114682690811357
"cg25761791",-0.0399515245004376,-0.0233981830553262,-4.22070021581476,2.83242268312574e-05,0.00291407569998334,0.0615358487546054
"cg19447962",-0.0416809888328483,-0.0244110686346227,-4.19727058049433,3.13203621176938e-05,0.00312342777509021,-0.0342567351306915
"cg04739200",-0.0399884700554365,-0.0234198207492504,-4.17914714478631,3.3842611215619e-05,0.00330255780000013,-0.108010882434645
"cg14101485",-0.0355116448224063,-0.0207979038732624,-4.17077642651087,3.5071806596187e-05,0.00337787230526399,-0.141974547138789
"cg07450214",0.0371098950100737,0.021733942007648,4.14719286891079,3.87676508389463e-05,0.00360517624418565,-0.23731869925375
"cg00009088",-0.0372324480685205,-0.0218057169632069,-4.13302696381917,4.1162767748512e-05,0.00376676525382558,-0.29434421665513
"cg23079808",-0.0356261225005213,-0.0208649493665641,-4.1236201063852,4.28303200059839e-05,0.00388344884019271,-0.332110412917951
"cg14533068",-0.0355350483728024,-0.0208116104980574,-4.0983620771143,4.76315550760365e-05,0.00419134581247095,-0.433113871385192
"cg19673549",-0.035496833316551,-0.0207892293025255,-4.03681735800397,6.15631495014291e-05,0.0050501540999287,-0.676771313042812
"cg25437886",-0.035498292388461,-0.0207900838289063,-3.92049432323481,9.90851897162588e-05,0.00703779634624128,-1.12777581913567
"cg19398112",0.0355563897949171,0.0208241094078623,3.90493152895345,0.000105504886867879,0.00736403137901165,-1.18716832500924
"cg26038582",-0.0475288772165245,-0.0278359682998876,-3.85427953665359,0.000129232438882327,0.00851252706344404,-1.37892069334086
"cg03549146",-0.0442799798822206,-0.0259332050009508,-3.67270085884799,0.000262530010031359,0.0141467285108482,-2.04674832166404
"cg07959070",-0.0354311676415964,-0.0207507712586272,-3.63847315771679,0.000299085301759307,0.0155090965369339,-2.16919395676237
"cg09163005",0.0395931098507449,0.0231882723776215,3.56251291401799,0.000397965654242844,0.0191632654122246,-2.43702004549719
"cg24834889",0.0378736075639574,0.0221812212131568,3.55417345563449,0.000410516538279115,0.0195471238808756,-2.46609476395232
"cg07187855",-0.0366852054870553,-0.0214852165002859,-3.51710113064418,0.000470929659412898,0.0215471599105061,-2.59455446141764
"cg19374305",-0.0387509010874241,-0.0226950207417606,-3.48802848043942,0.00052402019718655,0.0232925954571458,-2.69439189012521
"cg26479374",0.0351015344029548,0.0205577168269053,3.43185973731854,0.000642781680533138,0.0267610579177786,-2.88502870036544
"cg20744362",0.0390116137599343,0.0228477108559055,3.27164733543869,0.00113366182164377,0.0392054294792454,-3.41244791228064
"cg05280698",0.0406248814726789,0.0237925442191389,3.26563324719841,0.00115755722900668,0.0397643378048508,-3.43177380489663
"cg27494647",-0.0363083782914293,-0.0212645222510993,-3.20013884224651,0.00144977176363423,0.0462236837936689,-3.64001655444707
"cg24476033",-0.03743703520859,-0.0219255363546812,-3.17856054763465,0.00156008350581062,0.0484651942064236,-3.70773452606844
"cg01517680",-0.0381856618023999,-0.0223639802514055,-3.10345664704308,0.00200727270758488,0.0572267245208524,-3.93997819444481
"cg12682382",-0.0412371565351241,-0.0241511318868296,-3.09702220517058,0.00205061280946777,0.0580518086633462,-3.95962579466975
"cg00106345",-0.0361656848954486,-0.0211809518181386,-3.03963202066605,0.00247701396304678,0.0657270800741177,-4.13312169361207
"cg04653913",0.0382239438469235,0.0223864006795793,2.88147784934955,0.00410675114033367,0.0903277410810296,-4.59495549793932
