"X","logFC","AveExpr","t","P.Value","adj.P.Val","B"
"cg10636246",0.0402521039048079,-0.0209531499778452,6.6562188660579,2.2350740198251e-10,1.62191871371975e-05,11.3074641457352
"cg17515347",0.0473999254628257,-0.0246739338025668,5.64867240103444,5.00556462888654e-08,0.00103238016671493,6.00511867588986
"cg03546163",0.0545253393783052,-0.0283830533750082,5.58753777550137,6.81797572423073e-08,0.00103238016671493,5.70370130547236
"cg14538085",-0.053436935455223,0.0278164869492942,-4.96846894939515,1.36111621186287e-06,0.00477927418262172,2.79402855009294
"cg07962934",-0.0365946811514318,0.0190492860788276,-4.83266226161701,2.53692762855458e-06,0.00613654605262591,2.19179133424815
"cg07882059",-0.0501265408278783,0.0260932678282107,-4.69832388967592,4.63823508127638e-06,0.00804500374584833,1.60934827994876
"cg07013148",-0.0373609035407964,0.0194481415691817,-4.63067798717267,6.25500832395052e-06,0.00904647431001513,1.32113351012172
"cg01612292",-0.0375304671689955,0.0195364075674224,-4.48315674101589,1.18732126473601e-05,0.011858818813436,0.704558357166837
"cg03469862",-0.0545500324840235,0.0283959073204506,-4.3996618341969,1.69473172396261e-05,0.0140817975689565,0.362942223158557
"cg17263206",-0.0364472393453773,0.0189725355496485,-4.30000645800086,2.57434951266369e-05,0.0172974039786075,-0.0377403575639654
"cg04160749",-0.0457358018879633,0.0238076776951042,-4.27417149413774,2.86564785071781e-05,0.0180804098225426,-0.140351368249323
"cg13734401",-0.0405877043636849,0.0211278461071237,-4.25663030056581,3.08113824218243e-05,0.0186976219089444,-0.209723187474228
"cg16622613",-0.0578461745635813,0.0301117073070697,-4.23661194139092,3.34600176067174e-05,0.0197941462852782,-0.288596404048425
"cg23740940",-0.058283951494489,0.0303395911889121,-4.15253335699894,4.71571219952596e-05,0.0240214272214308,-0.616416546582416
"cg22747380",-0.0396635973180971,0.020646804083393,-4.15217126211493,4.72263245327166e-05,0.0240214272214308,-0.61781623384945
"cg24898738",-0.0492919415958176,0.0256588189128913,-4.11714877452722,5.43978380938617e-05,0.0254128956073684,-0.752703514019313
"cg20543544",-0.0529634281595531,0.0275700036994934,-4.08967804585,6.0738240063413e-05,0.0262901174673046,-0.857820958615703
"cg09693926",-0.0388013415259881,0.0201979586025691,-4.08508396314111,6.18650871104213e-05,0.0264042120321615,-0.875341441483023
"cg16334795",-0.0351288887006016,0.0182862708304501,-4.05278678472451,7.03682404588203e-05,0.0278530289961549,-0.9980359342904
"cg21287054",-0.0450086316492162,0.0234291507215097,-4.04203056667154,7.34392937636762e-05,0.0283973965405902,-1.03871207951715
"cg25969992",-0.0387967253584689,0.0201955556660523,-4.03942560253319,7.42020203364352e-05,0.0285402470445971,-1.04854912115003
"cg15234197",-0.0489731519461592,0.0254928736158089,-4.01776003122273,8.08444822583372e-05,0.0295299392410067,-1.13015241044253
"cg08521396",-0.0419305456047593,0.0218268593559021,-4.00807993275828,8.3991840758533e-05,0.0296847530204505,-1.1664901502493
"cg21074656",-0.0360677116788769,0.0187749732027031,-3.9588469414373,0.000101887741828206,0.0316870877085719,-1.35013135324639
"cg08129505",-0.0442589291044139,0.0230388946022976,-3.95226109578802,0.000104540067211846,0.0319584590112272,-1.37454787915661
"cg04755604",-0.0420753149895696,0.0219022187616938,-3.91733810207102,0.000119736655829238,0.0340047906352569,-1.50343293006307
"cg11262850",-0.0357351955336912,0.0186018826065789,-3.87749893670893,0.000139629674945917,0.0366887675063842,-1.64924703675397
"cg07787614",-0.0425715949349056,0.0221605562674851,-3.83877362557165,0.000161941593603685,0.0390533775621252,-1.78973901738348
"cg05639522",-0.0351776249689001,0.0183116403947699,-3.81290173470334,0.000178686950555793,0.04116417897989,-1.88291336508409
"cg21054919",-0.0452585226185166,0.0235592309521046,-3.81080643348821,0.000180112579536609,0.0412701121522416,-1.89043519898949
"cg01355753",0.036760116363137,-0.0191354030383452,3.79355074455357,0.000192269585089868,0.0422372236872496,-1.95224296756369
"cg05313129",-0.0454878712813028,0.0236786179272535,-3.78486933549154,0.000198675530523828,0.0430364805920771,-1.98324576525077
"cg02597299",-0.0370964746220393,0.0193104936388697,-3.76996460081457,0.000210146952598463,0.0444164966802771,-2.03632780694504
"cg19445322",-0.0382360983246859,0.0199037224155899,-3.76336659171424,0.000215422637958658,0.0449303201777127,-2.05976739137636
"cg15928106",0.0511165588220748,-0.0266086196608061,3.75175552905268,0.00022501204387344,0.0458202098737116,-2.10092838333133
"cg00258081",-0.0484177340435927,0.0252037519678975,-3.73147419469442,0.000242736912414334,0.047206464770681,-2.17255702291537
"cg23679982",-0.0352505618617985,0.0183496075444978,-3.72634055256931,0.000247428244887229,0.0475316695307594,-2.19063358652798
"cg17168157",-0.0381305719105137,0.0198487908575278,-3.69389028618309,0.000279122480763513,0.0501775095476604,-2.30438985538631
"cg18198730",-0.0355897271791022,0.0185261593535053,-3.67721555633548,0.000296862406776893,0.0517187495987724,-2.36250259706747
"cg08535474",-0.0474637899234592,0.0247071783163212,-3.67195496139902,0.000302676175633774,0.052212839489281,-2.38078799198384
"cg13806095",0.0391368575850517,-0.0203726107976981,3.66800353447981,0.000307113537610706,0.0524792913169942,-2.39450761174115
"cg01273330",-0.0617952965908486,0.0321674146637295,-3.64320618889039,0.000336391323651129,0.0543737281036052,-2.48030734857896
"cg24330386",-0.0426725114514899,0.0222130881528304,-3.62213321393594,0.000363318931403743,0.056024340593607,-2.55281547357791
"cg19263607",-0.0368909487212795,0.0192035075535427,-3.58744027923984,0.000412115834973086,0.0588630674744965,-2.67137426418553
"cg06951626",-0.0395668579141776,0.0205964465854623,-3.58294900488295,0.000418865793821055,0.059135592292376,-2.68664853307116
"cg10857167",-0.036854065488025,0.0191843080622596,-3.5681408660219,0.000441864759760419,0.0604993447797755,-2.73688863571355
"cg07401067",-0.0530719974430678,0.0276265192169393,-3.55916510766199,0.000456377565211108,0.0611405513516666,-2.76725088389966
"cg17930194",-0.0403931054298959,0.0210265480320006,-3.55694750652151,0.000460031550774792,0.0614033529145752,-2.77474186249694
"cg00281837",-0.0387535112785295,0.0201730606655358,-3.55232788641147,0.000467731834436438,0.0616748760489477,-2.79033342369868
"cg26052357",-0.0373254741512842,0.0194296988732712,-3.53228835174927,0.000502558169390314,0.0636827203005073,-2.85775925414534
"cg01754423",0.0499316916277114,-0.0259918394774388,3.48863915704845,0.000587013863467758,0.0682713558792914,-3.00344428325512
"cg08784247",-0.0362634640892952,0.0188768717177153,-3.48563042330825,0.00059330029933697,0.0685026938709292,-3.01342668134797
"cg04177826",-0.0432361129974401,0.0225064697794894,-3.46866655412069,0.000629941522925364,0.0702192880393506,-3.06956526326015
"cg26999154",-0.0477185341801996,0.0248397849157203,-3.45313891221225,0.000665328659627223,0.0715622772731454,-3.12073587649449
"cg27631817",0.040166752054207,-0.0209087202473954,3.44040600668715,0.000695726490678304,0.0730604248193365,-3.16254296423344
"cg02582520",-0.0363098108163827,0.0189009974112677,-3.41646953079419,0.000756418938331411,0.0755215752581354,-3.240760452534
"cg14221766",-0.035917594216633,0.0186968298661925,-3.39218999272161,0.000823011703036761,0.0780758159820043,-3.3195974975872
"cg12944343",-0.0553291966691982,0.0288014996360211,-3.38197653593791,0.00085262887433615,0.0793914909935757,-3.3526099930836
"cg00423030",-0.0365254699331716,0.0190132583213771,-3.37782975961501,0.000864935458205913,0.0798881838147761,-3.36598784640339
"cg05598727",-0.0591108050507983,0.0307700081086348,-3.36770701259982,0.000895677201057075,0.0811914674919824,-3.39858258285012
"cg25221774",-0.035134628010305,0.0182892584163231,-3.35629090829387,0.000931568869740734,0.0826753130626,-3.43523605839187
"cg11945372",-0.0418861116125337,0.0218037293325518,-3.35383597782623,0.000939460324836746,0.0828729955766041,-3.44310339493538
"cg06039161",-0.0363499083607709,0.0189218701056068,-3.34194163759903,0.000978585732513234,0.084329606917848,-3.48114773585659
"cg26805720",-0.0439936221935115,0.0229007896349787,-3.32180328769236,0.00104831107461096,0.0864448875566526,-3.54528245659711
"cg17877220",-0.0411115597984268,0.0214005379772633,-3.2590617943107,0.0012963392882588,0.0942308423200613,-3.74284600413861
"cg10555383",-0.0406544339579357,0.0211625820602953,-3.24750449511975,0.00134759370188019,0.0955376949659456,-3.77886566836128
"cg23522872",-0.0601214764467111,0.0312961110270552,-3.19632425871852,0.00159800088234267,0.102620882621239,-3.93697663586769
"cg02599361",-0.0627301583464831,0.0326540550296761,-3.15596741597163,0.00182515389459845,0.108502178224437,-4.06003750152732
"cg06976144",-0.0391781958706187,0.0203941293573083,-3.15474020109509,0.00183250802543669,0.108690115433476,-4.06375732238585
"cg05696092",-0.0423454931725461,0.0220428594596815,-3.14232950546861,0.00190843547704274,0.110909344194395,-4.10130124668887
"cg21101631",-0.0364359843005177,0.0189666767591736,-3.120756967642,0.0020473738193918,0.113731380577085,-4.1662390449798
"cg00715696",-0.0369421260974341,0.019230147831541,-3.11787741700791,0.00206661073361913,0.114120195842034,-4.17487614253128
"cg21262649",-0.0385823494787497,0.0200839627423628,-3.11636633933651,0.00207677218839185,0.114430095017187,-4.17940564189575
"cg21251970",-0.0404007964880165,0.0210305515965017,-3.1089440282523,0.00212735791040813,0.115839373960943,-4.20162506348289
"cg10455971",-0.038873426498842,0.0202354822870684,-3.10163169635129,0.00217830436550851,0.116951723791001,-4.22346782642445
"cg11166453",-0.0408369349070764,0.0212575825543686,-3.09655571306952,0.00221432935394678,0.117460891899175,-4.23860266888489
"cg20066226",-0.0441061398796402,0.0229593604852921,-3.08845081383011,0.00227299235320735,0.11872131365001,-4.2627216250535
"cg04768425",-0.0370621128532068,0.0192926066907104,-3.07605628501929,0.00236548091775473,0.120618433347058,-4.29949382777035
"cg20293942",-0.0610103967467428,0.031758836662688,-3.074458348873,0.00237765405098027,0.120731318709841,-4.30422473364414
"cg10075506",-0.0628795756069129,0.0327318338775711,-3.06134378279104,0.00247976463427029,0.122572008487852,-4.34296697666246
"cg22249529",-0.0418609282277618,0.0217906201733555,-3.05411260006653,0.00253777998937449,0.123699796984229,-4.36426388469348
"cg01655356",-0.0371737771658216,0.0193507333191948,-3.05143704073991,0.00255956079202523,0.124074011227765,-4.37213208550418
"cg00851377",-0.0400639516236854,0.0208552076945212,-3.04892288587259,0.00258018439421806,0.124408890946018,-4.37951986237611
"cg15602054",-0.0366707231042085,0.0190888695610949,-3.04552204412212,0.00260832496286321,0.125049091084543,-4.38950424592469
"cg06357371",-0.0393184242814773,0.0204671249684403,-3.01766057708596,0.00284972809466534,0.12965220610421,-4.4709158338946
"cg20734569",0.0482800806605863,-0.0251320967822231,3.01433590298225,0.00287986692738381,0.130397011901577,-4.48058462266156
"cg26874282",-0.0385261666103702,0.0200547168656721,-3.00835055837592,0.00293486481997492,0.131077655518771,-4.49796642779809
"cg10208485",-0.0359173070091727,0.0186966803609392,-2.99309556868059,0.0030794322163331,0.133353317335712,-4.54212399270341
"cg26684363",-0.0367200530799825,0.0191145481786211,-2.98805223900696,0.00312864622203711,0.134313997739593,-4.55667708912854
"cg09435890",-0.0350681052669383,0.0182546301389542,-2.98544223333493,0.00315439780283642,0.13488827914363,-4.56419967463872
"cg17122213",-0.0432350921217534,0.0225059383647484,-2.98055901983021,0.00320310108872491,0.135553445663172,-4.57825785111788
"cg27202708",-0.0400412536394065,0.0208433923054444,-2.97675947361445,0.00324147254196216,0.136361076789403,-4.58918160592706
"cg14667685",-0.0483309671865707,0.0251585856587628,-2.94052838833803,0.00362912872880697,0.142688387968692,-4.69270058311134
"cg07524919",-0.0594186252039053,0.0309302432568274,-2.93069147288858,0.0037414722948879,0.144469407342514,-4.72060438619389
"cg24581226",-0.0422933114224157,0.0220156963568739,-2.92733944098031,0.00378047576655904,0.144972621874212,-4.73009315672269
"cg26748578",0.0356933725518836,-0.0185801117393367,2.91913862553799,0.00387747214092799,0.146617882694063,-4.75326529758049
"cg09739413",-0.0409979196492222,0.0213413828311021,-2.91634089665826,0.00391107994267202,0.147148367621446,-4.76115677771152
"cg15215348",-0.0366084040130864,0.0190564294862641,-2.90946729687336,0.0039947834998329,0.148482903860957,-4.78051523124276
"cg13752184",-0.0391078630775022,0.020357517766371,-2.90081085318976,0.00410252676953519,0.150078991384273,-4.80483464680717
"cg08787039",-0.0393215207593727,0.0204687368336461,-2.90028095724179,0.00410920763613794,0.150183314298129,-4.80632115780639
"cg06201514",-0.0579929888292034,0.0301881311713662,-2.89297286749657,0.00420236671439285,0.151491179619692,-4.82679680770005
"cg14716990",-0.0387848754593779,0.0201893872254296,-2.88535807883769,0.00430148401777029,0.152973157800476,-4.84808085430747
"cg11168104",-0.0377741472580612,0.019663254737073,-2.88080407759902,0.00436177605478043,0.154118612371737,-4.86078487566665
"cg06060522",-0.0546131136966055,0.0284287441160412,-2.87785998487085,0.00440116341657783,0.154383355403673,-4.86898793469526
"cg18852096",-0.0361579717003154,0.0188219578713971,-2.87775909103519,0.00440251895285036,0.15438601418098,-4.86926891512957
"cg02725398",-0.0368903912755247,0.0192032173763005,-2.87702096125085,0.00441244752387279,0.154495608278684,-4.8713242637121
"cg19903766",-0.0430405111575427,0.0224046496436523,-2.8683978237176,0.00452996040841873,0.156089329046021,-4.89529948152348
"cg02754945",-0.0440951217990825,0.0229536250460978,-2.86440190102459,0.00458537730755578,0.156974739578888,-4.90638685859721
"cg00078456",-0.0365173915156467,0.0190090531177339,-2.85873417960139,0.00466503991581175,0.157804190415858,-4.92208833787962
"cg07327178",-0.0469065865732259,0.0244171272572957,-2.85681762083548,0.00469226223526473,0.158089256068561,-4.92739131665693
"cg07745373",-0.0423930115898882,0.0220675950741884,-2.83026721222504,0.00508456941424551,0.163044743184747,-5.00051461064214
"cg17598923",-0.0422508231678583,0.0219935791832687,-2.82518938312545,0.00516291609418488,0.164106706629296,-5.01442735777794
"cg08681685",-0.0351125317025008,0.0182777562286991,-2.81428550522129,0.0053348779738279,0.166057039591412,-5.0442244107865
"cg02710296",-0.0413550200746933,0.021527270723813,-2.80699655448499,0.00545271712501938,0.167264043378408,-5.064083181433
"cg08122386",-0.0505004789510123,0.026287920549842,-2.79749310888785,0.00560990990015856,0.168335959374848,-5.08990337895352
"cg14042396",-0.0393053216901954,0.0204603044414716,-2.79098836624946,0.00571986348987946,0.169515043505801,-5.10752932095261
"cg18665594",-0.0439710316765061,0.0228890301877704,-2.77535242576377,0.00599221670435154,0.172553647690123,-5.14974178067405
"cg21476494",-0.0377791488911272,0.0196658583268882,-2.75992589435789,0.00627239941268742,0.175266506500071,-5.19117228226568
"cg15145296",0.0664800939070571,-0.0346060762803859,2.75928041756393,0.00628437752572476,0.175466075073782,-5.19290112363045
"cg03181300",-0.0432553037230989,0.0225164594722981,-2.73969260541279,0.00665787401864802,0.179139682840152,-5.24518554728906
"cg12031962",-0.0435845753266312,0.0226878611289313,-2.72380460763761,0.00697545796437049,0.182038721940054,-5.28733885464488
"cg18815398",-0.0406539165304142,0.0211623127144623,-2.71683211344588,0.00711910671751534,0.183794764146296,-5.3057656399976
"cg10208897",-0.0427738126322048,0.0222658202742984,-2.7142428258754,0.00717312901465876,0.184446091898299,-5.31259732403407
"cg03255953",-0.0373667333555425,0.0194511762672687,-2.71059977922536,0.00724976409102026,0.185352160025263,-5.32219897902761
"cg16462006",-0.0396591847567062,0.0206445071336279,-2.69999513030311,0.00747707248930292,0.187222477850849,-5.35008006836682
"cg01430344",-0.0428479276817117,0.022304400711028,-2.69095735712143,0.00767585315094504,0.188803551589299,-5.37376092666672
"cg20724680",-0.0358258194988248,0.0186490567254157,-2.68563367980203,0.00779516432099926,0.190311458190147,-5.38767529994923
"cg12440062",-0.037117088176332,0.0193212239822002,-2.68481592966619,0.00781363876395412,0.190612859582341,-5.38981034953339
"cg25307665",-0.0407029588497931,0.021187841593043,-2.67659063109576,0.00800167142136565,0.192269742652461,-5.41125178115866
"cg22816091",-0.0354687867315895,0.0184632040520602,-2.6697153032716,0.00816196301277726,0.193512421131736,-5.42912687855052
"cg27438152",-0.0356038126976648,0.0185334915412503,-2.66535253696216,0.00826517156352428,0.194430678414558,-5.44044725560929
"cg16194588",-0.0363108248236794,0.0189015252506825,-2.64850378514028,0.00867488522309096,0.197918153130239,-5.48400297269844
"cg02287371",-0.0355033487894497,0.0184811952602615,-2.64599825225601,0.00873734948121082,0.198447676792863,-5.49045790749368
"cg05457480",-0.0354312530037865,0.0184436659471765,-2.62245279380987,0.00934441749908089,0.20334663030287,-5.55083734106338
"cg21487550",-0.0357163536568526,0.0185920745063069,-2.60461155702393,0.00982936574762839,0.207149363335789,-5.59625148928959
