"X","logFC","AveExpr","t","P.Value","adj.P.Val","B"
"cg20774846",0.0505433787473169,0.0326086314498819,4.77670449865814,4.19913386301383e-05,0.999958674386081,1.07994416745568
"cg08168400",0.045481966830569,0.0293432044068188,4.54881796341161,8.01000487116535e-05,0.999958674386081,0.441048855878266
"cg21716282",0.0598311671722584,0.0386007530143603,4.46018977156902,0.000102874020186391,0.999958674386081,0.194111943211472
"cg09225287",0.0615666009787259,0.0397203877282103,4.32453332942825,0.000150686028389315,0.999958674386081,-0.18183679747967
"cg17734798",-0.0395581607934684,-0.0255213940603022,-4.29165215909312,0.000165247424716658,0.999958674386081,-0.272555406033042
"cg27608031",0.0421647408331344,0.0272030586020222,4.17101772778682,0.000231560398067627,0.999958674386081,-0.603877672566384
"cg15613761",0.0404885232085347,0.0261216278764741,4.15820112122468,0.000239986950865906,0.999958674386081,-0.638931166735366
"cg16837557",0.0366176582537719,0.0236242956475948,4.12803759466572,0.000261026980829387,0.999958674386081,-0.721310715120346
"cg00213301",0.0543803534461681,0.0350840989975278,4.12558080560717,0.00026281844620284,0.999958674386081,-0.728013051658566
"cg06361793",-0.0475457189532314,-0.0306746573891817,-4.0984132576059,0.000283452436517497,0.999958674386081,-0.802052797632327
"cg24399540",0.0689752675639998,0.0445001726219354,4.02435282102683,0.000348125687465452,0.999958674386081,-1.00316083321342
"cg11720950",0.0436741144686229,0.0281768480442728,4.00542651242425,0.00036685151934538,0.999958674386081,-1.05437680442766
"cg04198698",0.037722034538956,0.0243367964767458,3.93854657645157,0.000441271912529486,0.999958674386081,-1.23475079235992
"cg14736365",0.06084718498155,0.0392562483751937,3.92873108670736,0.000453370380904721,0.999958674386081,-1.26114094261308
"cg19553910",0.0534405658233128,0.0344777844021373,3.9208494310213,0.000463319653000347,0.999958674386081,-1.28231616053193
"cg25394203",-0.0630630480155711,-0.0406858374294007,-3.91132153366186,0.000475632500211202,0.999958674386081,-1.30789557011167
"cg07870074",0.048600093485353,0.0313548990228084,3.91043127251514,0.000476799197135999,0.999958674386081,-1.31028459164257
"cg16225663",0.052822970154826,0.0340793355837587,3.9052618652771,0.000483629280800003,0.999958674386081,-1.32415316775995
"cg08018143",0.0586194852253994,0.0378190227260641,3.89296194468673,0.000500267526658992,0.999958674386081,-1.3571270506129
"cg12224388",0.0489782625568749,0.0315988790689516,3.8912876571539,0.000502575195908647,0.999958674386081,-1.36161282659721
"cg18233411",0.0480171813311547,0.0309788266652611,3.87632169661055,0.000523670361001467,0.999958674386081,-1.40168099324591
"cg09144707",-0.0551864199947915,-0.0356041419321236,-3.8551083770906,0.000555060674218367,0.999958674386081,-1.45838524237
"cg12145624",0.0478055750115309,0.0308423064590522,3.85219119803285,0.000559518630186335,0.999958674386081,-1.4661746702798
"cg02439789",0.130513588965243,0.0842023154614473,3.83828096247337,0.000581261305729645,0.999958674386081,-1.50328965500487
"cg14245185",-0.0378501745402084,-0.0244194674452958,-3.83461902013371,0.000587121002257845,0.999958674386081,-1.51305262392117
"cg23486067",-0.0410125363292528,-0.0264597008575825,-3.81822730920819,0.000614064806384879,0.999958674386081,-1.55671401913751
"cg22510727",0.0787339557321244,0.0507961004723384,3.81704458730539,0.000616054908390455,0.999958674386081,-1.55986180824849
"cg18293437",-0.0525117765867343,-0.0338785655398285,-3.81491706547494,0.000619650627788055,0.999958674386081,-1.56552329684808
"cg13447539",0.0441047572230125,0.0284546820793629,3.81476178786868,0.000619913862415136,0.999958674386081,-1.5659364581291
"cg13749314",0.0533092862906992,0.0343930879294834,3.79276898446963,0.000658320233165028,0.999958674386081,-1.62439440643068
"cg08274011",0.0545846920114737,0.0352159303299831,3.78490039776146,0.000672617138706473,0.999958674386081,-1.64528016472529
"cg00153543",0.035866014422435,0.0231393641435064,3.76118634738284,0.000717559585941799,0.999958674386081,-1.7081300215247
"cg17586860",0.0442432936345792,0.0285440604094059,3.75747634534181,0.000724850412575807,0.999958674386081,-1.71794971098578
"cg18229457",-0.0390621799864225,-0.0252014064428533,-3.74769881957272,0.000744412445563305,0.999958674386081,-1.74381198449083
"cg03230456",-0.0533230896878603,-0.0344019933470066,-3.72271554064721,0.000796761216954472,0.999958674386081,-1.80978129447828
"cg22448874",0.0380391573829112,0.0245413918599427,3.7180177183876,0.000806997361757182,0.999958674386081,-1.82216769361758
"cg01312482",0.0672394872313848,0.0433803143428289,3.71688473743847,0.000809485116738314,0.999958674386081,-1.82515406242131
"cg26034531",0.0828189434377306,0.0534315764114391,3.71120985510447,0.000822058524988148,0.999958674386081,-1.84010705607833
"cg14153061",-0.0664504336960371,-0.0428712475458304,-3.69406195886685,0.000861217206015762,0.999958674386081,-1.88523829670683
"cg02213234",-0.0427327779196446,-0.0275695341417062,-3.68348257816314,0.00088627465450904,0.999958674386081,-1.91304228938818
"cg04006327",0.0815634140959755,0.0526215574812746,3.67951454338293,0.000895854614959053,0.999958674386081,-1.92346292782597
"cg26398848",0.0778584617122242,0.0502312656207899,3.67294828399368,0.000911928941484251,0.999958674386081,-1.9406973957156
"cg10146935",0.117797103818869,0.0759981314960444,3.66982154381113,0.000919681441371587,0.999958674386081,-1.94889998231623
"cg13916117",0.108726750304639,0.0701462905191219,3.65120455471313,0.000967183814951789,0.999958674386081,-1.99768305060635
"cg16335868",-0.10467346119811,-0.0675312652891033,-3.64889370489333,0.000973243816415243,0.999958674386081,-2.00373154468191
"cg13165085",0.0529448519204566,0.0341579689809398,3.64808876725311,0.000975363341716866,0.999958674386081,-2.00583806304631
"cg06483432",0.0519272293498752,0.0335014382902421,3.63890403203253,0.000999867786251103,0.999958674386081,-2.02986156535715
"cg20344448",0.0569124557317066,0.0367177133752945,3.6330329278866,0.00101584366137859,0.999958674386081,-2.04520547907595
"cg23111488",0.0417387208888549,0.0269282070250677,3.62354869099042,0.00104217602025578,0.999958674386081,-2.06997147931209
"cg25762679",0.0486618763276318,0.0313947589210528,3.61915747498106,0.00105459115454712,0.999958674386081,-2.08142947024821
"cg03898448",0.0378138892598101,0.0243960575869743,3.61483644407871,0.00106694788034626,0.999958674386081,-2.09269892456833
"cg00250483",0.0454891869017758,0.0293478625172748,3.6117795053368,0.00107577443632402,0.999958674386081,-2.10066831995712
"cg06520846",-0.0433559849413533,-0.0279716031879699,-3.61127758238821,0.00107723043446973,0.999958674386081,-2.10197656825347
"cg17115419",-0.0431216543425799,-0.0278204221565031,-3.59996160950749,0.00111056821709228,0.999958674386081,-2.13145198014305
"cg05606376",0.0471634651894017,0.0304280420576785,3.59845558303597,0.00111507984470158,0.999958674386081,-2.13537201547745
"cg24940155",0.111301293488552,0.0718072861216463,3.59602328319148,0.00112240387873997,0.999958674386081,-2.14170165061517
"cg15544654",-0.0363245277261813,-0.0234351791781815,-3.59581054701215,0.0011230466741772,0.999958674386081,-2.14225517721132
"cg17189639",-0.0433028264553186,-0.0279373073905281,-3.58485823569086,0.0011566262985784,0.999958674386081,-2.17073451850353
"cg15243034",0.0993887915049073,0.064121800970908,3.57463109190619,0.00118885989804863,0.999958674386081,-2.19729631689814
"cg00500013",-0.0476671709175893,-0.0307530134952189,-3.54458080094502,0.00128868749984872,0.999958674386081,-2.2751620861774
"cg15365426",0.0362781449588829,0.0234052548121826,3.5432509411119,0.00129328788015768,0.999958674386081,-2.27860171011811
"cg22862634",0.098244471154504,0.0633835297770994,3.53038768613341,0.00133861401024538,0.999958674386081,-2.31184416113897
"cg24291974",0.044074855419125,0.0284353905929839,3.52816787120289,0.00134658992516542,0.999958674386081,-2.31757570165563
"cg08023416",0.053856459785905,0.0347461030876807,3.51836105046998,0.00138237997820964,0.999958674386081,-2.34287868330008
"cg27264390",0.0378259392896083,0.0244038317997473,3.51656624122876,0.0013890290034799,0.999958674386081,-2.34750633228946
"cg26423322",0.0447215046092178,0.0288525836188502,3.51498484494328,0.00139491304578885,0.999958674386081,-2.35158290143981
"cg02395581",-0.0424194436156186,-0.0273673829778185,-3.49860566771768,0.00145729150498227,0.999958674386081,-2.39375987830224
"cg01753788",-0.0427070897328577,-0.0275529611179727,-3.49418811532138,0.0014745717580733,0.999958674386081,-2.40512087528794
"cg13257412",0.0549682470706563,0.035463385206875,3.49350046665034,0.0014772794016366,0.999958674386081,-2.40688880855692
"cg00926502",-0.0400877533588672,-0.0258630666831402,-3.49301403754924,0.00147919763619083,0.999958674386081,-2.40813931981559
"cg05642789",0.116288021898933,0.075024530257376,3.48008087279543,0.00153109145131487,0.999958674386081,-2.44136048486173
"cg00078456",0.101034426665517,0.0651835010745273,3.46557399352221,0.00159139259188851,0.999958674386081,-2.47856076564941
"cg18327157",-0.0408134542081071,-0.0263312607794239,-3.45773296902619,0.00162493373984124,0.999958674386081,-2.49863958514196
"cg07909402",-0.0419901237326252,-0.0270904024081453,-3.44550597483463,0.00167860207628755,0.999958674386081,-2.52991009488453
"cg06660395",-0.0417521193193238,-0.0269368511737573,-3.43021297107344,0.00174813870298541,0.999958674386081,-2.56895337252682
"cg08845973",-0.0441203663632023,-0.0284647524923886,-3.42638551398052,0.00176597192147116,0.999958674386081,-2.57871292428541
"cg20552220",0.0372733383413048,0.0240473150589063,3.41701716357331,0.00181036493263743,0.999958674386081,-2.60258066756027
"cg13884879",0.0374126745472288,0.0241372093853089,3.41055343620744,0.00184161911122969,0.999958674386081,-2.61903132758602
"cg16895672",0.0466739978205033,0.0301122566583892,3.40512738120595,0.00186825668446832,0.999958674386081,-2.63283028075394
"cg12944343",0.0902470382783064,0.0582238956634235,3.4049024606687,0.00186936883880441,0.999958674386081,-2.63340206174262
"cg06226150",0.0491485408757921,0.0317087360488982,3.40443153789984,0.0018716994554309,0.999958674386081,-2.63459916162406
"cg19640821",0.0377295557144362,0.0243416488480234,3.39684611106889,0.00190962797328544,0.999958674386081,-2.65387129616408
"cg25983380",-0.0540180158420152,-0.0348503328013002,-3.3937586504474,0.0019252768996016,0.999958674386081,-2.66171000181579
"cg14586373",-0.0755878475099619,-0.0487663532322335,-3.38920792192489,0.00194856783852323,0.999958674386081,-2.67325791068558
"cg07120369",0.0621982373030909,0.0401278950342522,3.3854095284922,0.00196821580019883,0.999958674386081,-2.6828913324736
"cg27206026",0.0594594791514905,0.0383609542912842,3.38500982044876,0.001970294429213,0.999958674386081,-2.68390478088731
"cg00979260",0.0417088502212859,0.026908935626636,3.35985444286486,0.00210544930532018,0.999958674386081,-2.74757583500187
"cg26705408",0.0474123596502645,0.0305886191292029,3.3568048061056,0.00212242824618507,0.999958674386081,-2.7552800319858
"cg21474838",0.0392110079231186,0.0252974244665281,3.35220461939816,0.00214828930281235,0.999958674386081,-2.76689524389117
"cg06412409",-0.0351178690241419,-0.0226566896929948,-3.35052950098441,0.00215778143460937,0.999958674386081,-2.7711230008973
"cg21380740",0.0358946241847687,0.0231578220546894,3.34994563035802,0.00216109943150907,0.999958674386081,-2.77259637702941
"cg13811417",-0.0768343473842956,-0.0495705466995456,-3.34848206177265,0.00216943811668612,0.999958674386081,-2.77628911797016
"cg20761322",-0.0577437218198342,-0.0372540140773124,-3.34619936771717,0.00218250555595036,0.999958674386081,-2.78204711299217
"cg02242734",0.0398246864364185,0.0256933460880121,3.33547400197007,0.00224492336248159,0.999958674386081,-2.80907702691827
"cg24362960",-0.0455008545549203,-0.0293553900354324,-3.3351536456213,0.00224681386112158,0.999958674386081,-2.80988376504782
"cg14019407",0.0488145506245895,0.0314932584674771,3.33388182494773,0.00225433428105455,0.999958674386081,-2.81308617503965
"cg04815577",-0.0833680011428518,-0.0537858071889367,-3.33149638098813,0.00226850496570624,0.999958674386081,-2.81909112569608
"cg00611548",0.0363272595677618,0.0234369416566205,3.32690000875594,0.00229605134874572,0.999958674386081,-2.83065606553965
"cg18360347",0.0531120094308367,0.0342658125360237,3.31508328922993,0.00236835267900584,0.999958674386081,-2.86035385686469
"cg08144588",0.114248993860191,0.0737090282968973,3.31490214055651,0.00236947788571598,0.999958674386081,-2.86080873437711
"cg17122213",0.105036376309851,0.067765404070872,3.31216626422604,0.0023865343581964,0.999958674386081,-2.86767729889975
"cg10776862",0.0436758765642867,0.0281779848801849,3.29122370839506,0.00252105907215507,0.999958674386081,-2.9201659992765
"cg13420320",0.0353031509495703,0.0227762264190777,3.28551611085764,0.00255896542702194,0.999958674386081,-2.93444366527382
"cg15254385",0.0618711227866884,0.0399168534107667,3.27583969629672,0.00262448250137013,0.999958674386081,-2.95862238783258
"cg23430652",0.0792479859148069,0.0511277328482626,3.26242692831888,0.00271796263771041,0.999958674386081,-2.99208068199507
"cg24019078",0.103186828275116,0.0665721472742687,3.25102758050831,0.00279991097055688,0.999958674386081,-3.02046443654861
"cg14145632",0.0521822289714714,0.0336659541751429,3.24772664771594,0.00282407947284434,0.999958674386081,-3.02867459669393
"cg24728898",0.036996997731953,0.0238690307948084,3.24264096515212,0.00286170688733864,0.999958674386081,-3.04131590075701
"cg22760338",0.0395673043686032,0.0255272931410343,3.23667237623445,0.00290647906380671,0.999958674386081,-3.05613951106743
"cg13298116",0.136249826344377,0.0879031137705657,3.23192158535686,0.00294259472092564,0.999958674386081,-3.06792906497068
"cg01662455",0.0381548177494493,0.0246160114512576,3.23031457964589,0.00295490816274657,0.999958674386081,-3.0719150906705
"cg06432119",-0.0719216976699868,-0.0464010952709592,-3.22835414882878,0.00296999645651045,0.999958674386081,-3.07677643957052
"cg24362661",0.0719398175810615,0.0464127855361687,3.22512102929643,0.00299504108975845,0.999958674386081,-3.08479055897272
"cg06405317",-0.0489987873702803,-0.0316121208840518,-3.22440052428693,0.00300064979221966,0.999958674386081,-3.08657597939274
"cg05331731",0.0581590375367581,0.0375219597011343,3.2219191658847,0.00302004269673288,0.999958674386081,-3.09272331730165
"cg17316564",-0.0654303899210963,-0.0422131547878041,-3.22184690051499,0.00302060927550397,0.999958674386081,-3.09290231328161
"cg02682525",0.0410308622321092,0.0264715240207156,3.21425461556158,0.00308070464675445,0.999958674386081,-3.11169682981141
"cg05668703",0.0981979099358387,0.0633534902811863,3.210454474296,0.0031112117941476,0.999958674386081,-3.12109577426373
"cg01494075",0.0356727297651684,0.0230146643646247,3.20851095017444,0.00312692566336559,0.999958674386081,-3.12590059701422
"cg01663696",0.0453196389055254,0.0292384767132422,3.20206885193223,0.00317955609337033,0.999958674386081,-3.14181658951555
"cg08490304",-0.046683163114748,-0.0301181697514504,-3.19967994993767,0.00319928727642825,0.999958674386081,-3.147714631541
"cg00286125",0.057324243335287,0.0369833827969594,3.19876044467983,0.00320691310063343,0.999958674386081,-3.14998424685814
"cg26678575",-0.0402026136739928,-0.0259371701122534,-3.19712824412191,0.0032204924050643,0.999958674386081,-3.15401220971896
"cg09408902",0.0566030803100402,0.0365181163290582,3.19615967241676,0.00322857652838202,0.999958674386081,-3.15640197844799
"cg15266205",0.0370318696493811,0.0238915288060524,3.18367455864105,0.00333453446251275,0.999958674386081,-3.18717431550786
"cg07938252",-0.0472858921354554,-0.0305070271841648,-3.16925346757925,0.00346105716032605,0.999958674386081,-3.22264316434536
"cg12157440",0.0393011645667093,0.0253555900430383,3.16291755904151,0.00351808258089616,0.999958674386081,-3.23820076499357
"cg13682187",0.0980403515425341,0.0632518397048607,3.15533799242073,0.00358747967234179,0.999958674386081,-3.25679143699395
"cg26875877",0.0373924319809775,0.0241241496651467,3.14945464099542,0.00364224493212122,0.999958674386081,-3.27120614235209
"cg01420492",0.0448077073199847,0.028908198270958,3.14408933166664,0.00369288246000093,0.999958674386081,-3.28433966853401
"cg14896906",0.0473198868329797,0.0305289592470837,3.14106182922779,0.00372175146752139,0.999958674386081,-3.29174553213004
"cg06646780",0.0904509066119036,0.058355423620583,3.13999349096224,0.00373198997006846,0.999958674386081,-3.29435802726492
"cg22228142",-0.0375972990210366,-0.0242563219490559,-3.13579080334652,0.00377252796896147,0.999958674386081,-3.30463079493656
"cg15595502",-0.0556939233006336,-0.0359315634197637,-3.13416637593415,0.00378830896655461,0.999958674386081,-3.30859954975624
"cg27354537",-0.0367394777918009,-0.023702888897936,-3.13280694620167,0.00380156391053436,0.999958674386081,-3.31192006014007
"cg06032090",0.0544382972924913,0.035121482124188,3.1320552564841,0.00380891213222282,0.999958674386081,-3.31375580238383
"cg14117219",-0.0947047783957022,-0.0610998570294853,-3.12670741087077,0.00386158267782052,0.999958674386081,-3.32680954051304
"cg04089788",0.0496467437193091,0.032030157238264,3.12523359085138,0.00387621978222026,0.999958674386081,-3.33040502339375
"cg19272349",-0.109228687312328,-0.0704701208466632,-3.12502440408958,0.00387830158023667,0.999958674386081,-3.33091527789834
"cg24437523",0.0528274764718804,0.0340822428850841,3.12485005707444,0.0038800374718143,0.999958674386081,-3.33134053684505
"cg22233844",-0.037263542668021,-0.024040995269691,-3.12017248371195,0.00392688720224037,0.999958674386081,-3.34274529087333
"cg03283031",-0.0393355445674826,-0.0253777706886985,-3.11685975233169,0.00396039238096269,0.999958674386081,-3.35081699014166
"cg01682784",0.0510749632534251,0.0329515891957581,3.10740397700279,0.00405753301862563,0.999958674386081,-3.37383225294469
"cg08436104",0.05608814369903,0.0361858991606645,3.10586783798895,0.00407352668501444,0.999958674386081,-3.37756777931168
"cg05530317",0.0481314159262036,0.0310525264040023,3.10441509039961,0.00408870732039713,0.999958674386081,-3.38109963560921
"cg00246486",-0.042897772128228,-0.0276759820182116,-3.10321027822188,0.00410133796835264,0.999958674386081,-3.38402807135146
"cg10016788",0.0856718304302568,0.0552721486646817,3.10152127776727,0.00411910715034467,0.999958674386081,-3.38813238846869
"cg02742775",0.0386841758703408,0.0249575328195747,3.09415068355365,0.00419751088367938,0.999958674386081,-3.40602951961814
"cg06290070",0.0540844033590384,0.0348931634574441,3.09104263227918,0.00423099627159096,0.999958674386081,-3.41356977211148
"cg22043888",-0.0357500491741851,-0.023064547854313,-3.09044422841696,0.00423747243952002,0.999958674386081,-3.41502106869106
"cg04187039",0.0432542690697556,0.0279059800450037,3.09007610536689,0.00424146109983068,0.999958674386081,-3.41591379701298
"cg21048669",0.0445953386206577,0.0287711862068759,3.08874451856273,0.00425591886179624,0.999958674386081,-3.41914253906002
"cg23598010",0.0356398344603927,0.0229934415873501,3.08713203500962,0.00427348923630283,0.999958674386081,-3.42305140633026
"cg16284437",-0.0374663231763672,-0.0241718214041079,-3.08418642381156,0.00430576429324718,0.999958674386081,-3.43018918742717
"cg09304395",-0.0458368597212738,-0.0295721675621122,-3.08281226171422,0.00432090016823824,0.999958674386081,-3.43351782464939
"cg00224083",0.0599009603013627,0.0386457808395888,3.08281169196175,0.00432090645432801,0.999958674386081,-3.43351920460133
"cg00979931",0.0783768396878368,0.0505657030244109,3.08272600915685,0.00432185189334937,0.999958674386081,-3.43372672855664
"cg15677600",0.0528612745548751,0.0341040480999194,3.08058786402015,0.00434550836994272,0.999958674386081,-3.43890434134448
"cg01995086",-0.0523250170322779,-0.0337580755046955,-3.07814070466135,0.00437273490062347,0.999958674386081,-3.44482793138087
"cg02462416",0.0532989299463735,0.0343864064170151,3.07747659181056,0.00438015160352038,0.999958674386081,-3.44643505527623
"cg11024722",0.0387459317798797,0.0249973753418579,3.07741140749741,0.00438088021547169,0.999958674386081,-3.44659278862616
"cg08132711",-0.103369232199736,-0.066689827225636,-3.07464355770162,0.00441192501614475,0.999958674386081,-3.45328882521158
"cg11787167",-0.185900616733879,-0.119935881763793,-3.07202750000765,0.00444145945760096,0.999958674386081,-3.45961472826097
"cg00920269",0.0398321351632705,0.0256981517182391,3.06643711370848,0.00450520424353532,0.999958674386081,-3.47312335501447
"cg00594129",0.0761101264039457,0.0491033073573843,3.06606169510284,0.00450951599201007,0.999958674386081,-3.47403005232841
"cg05746014",0.0546621078766269,0.0352658760494367,3.06142072332855,0.00456314328699862,0.999958674386081,-3.48523391031444
"cg20066226",0.0883503604158487,0.057000232526354,3.06051001806553,0.00457373753370688,0.999958674386081,-3.48743140714692
"cg00092309",0.0453359357456258,0.0292489908036295,3.05675091147894,0.00461771508065102,0.999958674386081,-3.49649832063813
"cg08719380",0.035511920126018,0.0229109162103342,3.053343057296,0.00465793022451835,0.999958674386081,-3.50471290878359
"cg14125353",0.0560935963954169,0.0361894170293012,3.04858179482625,0.00471467391613001,0.999958674386081,-3.51618171394201
"cg14170999",0.0978880594779845,0.0631535867599901,3.04652112957736,0.00473943546167541,0.999958674386081,-3.52114243698744
"cg23743554",0.0703353413857837,0.0453776396037315,3.04435742998328,0.00476556796489073,0.999958674386081,-3.52634927482179
"cg27579854",0.0430138924512731,0.0277508983556601,3.04364950205108,0.00477414776257932,0.999958674386081,-3.52805244062488
"cg10116893",-0.0737624622693974,-0.0475886853350951,-3.04240541634559,0.00478926111415735,0.999958674386081,-3.53104500753131
"cg06910125",0.0371910192250543,0.0239942059516479,3.038294800872,0.00483952111651495,0.999958674386081,-3.54092817746
"cg10161743",0.0397523698854124,0.0256466902486532,3.03607636550064,0.00486685324107317,0.999958674386081,-3.54625900210532
"cg25356393",-0.0748537916016756,-0.0482927687752745,-3.02888502452545,0.00495646437026096,0.999958674386081,-3.56352520322061
"cg11841038",-0.0573348065126258,-0.0369901977500812,-3.02599331415581,0.00499293733810104,0.999958674386081,-3.57046191936343
"cg05213296",0.124514707767884,0.0803320695276672,3.02464913233208,0.0050099779649245,0.999958674386081,-3.57368516772557
"cg01613294",-0.0932120598108409,-0.0601368127811878,-3.02446959652092,0.00501225816998394,0.999958674386081,-3.57411562297098
"cg23711873",0.0662217022777199,0.0427236788888516,3.02316460579323,0.00502886188545163,0.999958674386081,-3.57724405684567
"cg17382841",0.0481218185436881,0.031046334544315,3.0230633077588,0.00503015290451981,0.999958674386081,-3.57748686664455
"cg12072028",-0.0495791773948544,-0.0319865660611965,-3.02162664346627,0.00504849672095246,0.999958674386081,-3.58093005669166
"cg02887458",0.0477595727560483,0.0308126275845474,3.01971173138334,0.00507304561756435,0.999958674386081,-3.58551807104611
"cg07382842",-0.0497010476129439,-0.0320651920083509,-3.01716709762032,0.00510584264744164,0.999958674386081,-3.59161243359442
"cg19800336",-0.0374252932223972,-0.0241453504660627,-3.01531619503995,0.00512982457165437,0.999958674386081,-3.59604357733486
"cg25198599",0.0373159560865062,0.0240748103783911,3.01513094082538,0.00513223075901393,0.999958674386081,-3.59648700337726
"cg24045875",0.043376035781747,0.0279845392140303,3.01399808595534,0.00514696821801762,0.999958674386081,-3.59919829404057
"cg03062551",-0.0378327987782318,-0.0244082572762786,-3.01349377112243,0.00515354181381473,0.999958674386081,-3.60040510654208
"cg22733910",0.0543337841718938,0.0350540543044476,3.01277449586528,0.00516293112752736,0.999958674386081,-3.60212612492985
"cg10179297",-0.0413234041088837,-0.0266602607154088,-3.0121178455781,0.00517151710186192,0.999958674386081,-3.60369710580545
"cg08756441",0.0364081237569108,0.0234891121012327,3.01104337242744,0.00518559548272359,0.999958674386081,-3.60626729332857
"cg21298759",0.0691218221468889,0.0445947239657348,3.00753062908273,0.00523187545916103,0.999958674386081,-3.6146664662082
"cg12654412",0.0687757501105366,0.0443714516842172,3.00725765226296,0.00523548824086449,0.999958674386081,-3.61531894715189
"cg27218993",0.0368088742186356,0.0237476607862165,3.00699538109662,0.00523896156275682,0.999958674386081,-3.61594580874024
"cg18942298",0.0506870017369182,0.0327012914431731,3.00646624863699,0.00524597564286094,0.999958674386081,-3.61721041267607
"cg23404330",0.0503032776393392,0.0324537275092511,3.00363308295189,0.00528368319102118,0.999958674386081,-3.62397950339489
"cg11742103",0.106035797926429,0.0684101922105996,3.00270888811548,0.00529603906116757,0.999958674386081,-3.62618687007752
"cg04130572",0.0412763068298152,0.0266298753740743,3.00006085088401,0.00533159332899236,0.999958674386081,-3.63250945480535
"cg20966539",-0.0354343790098409,-0.0228608896837684,-2.99938474670634,0.00534070731549878,0.999958674386081,-3.63412326857202
"cg12080906",0.0448963319228209,0.028965375434078,2.99915848121927,0.00534376070324536,0.999958674386081,-3.63466330440797
"cg16587725",-0.048097440904542,-0.0310306070351884,-2.99309472611998,0.00542620799183912,0.999958674386081,-3.64912761795152
"cg12932613",0.0399356671880938,0.0257649465729637,2.99040812500228,0.00546312084817084,0.999958674386081,-3.65553105869838
"cg20816361",0.0402577705647787,0.0259727552030831,2.98635067512961,0.00551931965031176,0.999958674386081,-3.66519592540527
"cg11409139",-0.0539645957292608,-0.0348158682124263,-2.98555169085339,0.00553045050756742,0.999958674386081,-3.66709826447205
"cg05128386",-0.0766164698134572,-0.049429980524811,-2.98263659582685,0.00557124192393916,0.999958674386081,-3.67403658756804
"cg12791065",0.0385893710477533,0.0248963684179054,2.97923460245679,0.00561920669173322,0.999958674386081,-3.68212909791287
"cg02811067",0.0465480262093748,0.0300309846512096,2.9769097211897,0.00565220975079368,0.999958674386081,-3.68765650704471
"cg06211550",0.110389021426099,0.0712187235007091,2.9694535987209,0.0057592955155685,0.999958674386081,-3.70536744385864
"cg03427058",0.0789721041531242,0.0509497446149188,2.9691892406856,0.00576312726578808,0.999958674386081,-3.70599493916726
"cg09491104",-0.0393686473187393,-0.0253991273024125,-2.96824743049923,0.00577679798692959,0.999958674386081,-3.70823022330085
"cg25684349",-0.037714327178602,-0.0243318239861949,-2.96732826383455,0.00579016960080067,0.999958674386081,-3.71041138854098
"cg11791577",-0.0644254000654058,-0.0415647742357457,-2.96424016659508,0.00583530852924888,0.999958674386081,-3.71773665566851
"cg24472867",-0.0530977350609114,-0.0342566032651042,-2.96134840248214,0.00587787919150804,0.999958674386081,-3.72459238209162
"cg26038582",-0.105247749056504,-0.0679017735848416,-2.95976444668842,0.00590132146423417,0.999958674386081,-3.72834601915056
"cg15720112",0.0723615012811684,0.0466848395362378,2.95680564652603,0.00594534816570369,0.999958674386081,-3.73535476649073
"cg15255042",-0.0421376688936916,-0.0271855928346397,-2.95646371604004,0.00595045603178836,0.999958674386081,-3.73616447443186
"cg16559243",0.035980364053894,0.0232131380992865,2.95594001652791,0.00595828726443692,0.999958674386081,-3.73740451963997
"cg06056880",-0.052017823207065,-0.0335598859400419,-2.9553590672048,0.00596698599032275,0.999958674386081,-3.73877998174561
"cg20668221",0.0735037234407796,0.0474217570585675,2.95185411953781,0.00601972181841157,0.999958674386081,-3.74707515378277
"cg07313162",0.0426600674237316,0.027522624144343,2.94646023941579,0.00610174005136074,0.999958674386081,-3.75983018714871
"cg18197392",0.0632076099462334,0.0407791031911183,2.94507105715426,0.00612303403007341,0.999958674386081,-3.76311311753815
"cg13848990",-0.0379528491810833,-0.024485709149086,-2.94369764476497,0.0061441552848137,0.999958674386081,-3.76635793305745
"cg11367159",0.094466356149355,0.0609460362253904,2.93920844466471,0.00621367438044371,0.999958674386081,-3.77695820341032
"cg12181459",-0.0432648778482254,-0.0279128244182099,-2.93680153390686,0.00625125273768482,0.999958674386081,-3.78263788223331
"cg05324393",0.0540345133691809,0.0348609763672135,2.9346844610192,0.00628448325912569,0.999958674386081,-3.78763147067317
"cg10384919",-0.043354515911417,-0.0279706554267206,-2.93391349875712,0.00629662600676227,0.999958674386081,-3.78944945698538
"cg17238766",0.0390894475830811,0.0252189984406975,2.93099472656264,0.00634279800694983,0.999958674386081,-3.79632971727566
"cg23492779",0.111594270912545,0.0719963038145451,2.93089092813782,0.00634444586355901,0.999958674386081,-3.7965743249693
"cg00754036",-0.0384156313789835,-0.0247842783090217,-2.92749485919535,0.00639858377928197,0.999958674386081,-3.80457470318005
"cg25747427",0.0368220762085617,0.0237561781990721,2.92647173721884,0.00641497900893103,0.999958674386081,-3.80698393007564
"cg25354551",0.052925889707031,0.0341457352948587,2.92625907216852,0.00641839187797585,0.999958674386081,-3.80748465011764
"cg17341345",0.0532214063602112,0.0343363912001363,2.92079040163291,0.00650674450869067,0.999958674386081,-3.82035361915938
"cg01738650",0.0462542194483366,0.0298414319021526,2.91924340058676,0.00653194557095454,0.999958674386081,-3.82399159274139
"cg18852096",0.0936069025526236,0.0603915500339507,2.91663010751719,0.00657472611490181,0.999958674386081,-3.83013462582287
"cg23504719",-0.0485201717983718,-0.0313033366441109,-2.91628074332754,0.00658046532246929,0.999958674386081,-3.83095563672929
"cg22689630",0.0436860380150806,0.0281845406548908,2.91562456526619,0.00659125751568449,0.999958674386081,-3.83249751488256
"cg00432659",0.0419673522517851,0.0270757111301839,2.91305849606551,0.00663362230900761,0.999958674386081,-3.83852535043623
"cg04077668",0.0650101540925644,0.0419420348984287,2.91286234432988,0.00663687124178663,0.999958674386081,-3.83898599831972
"cg13642537",0.0351474720313553,0.022675788407326,2.91285138043787,0.00663705288501349,0.999958674386081,-3.83901174569496
"cg25614875",0.046820473660434,0.03020675720028,2.91267901135915,0.00663990920956697,0.999958674386081,-3.83941652645494
"cg03773820",0.0426695066012394,0.0275287139362835,2.9113053593683,0.00666271344085981,0.999958674386081,-3.84264184164533
"cg19871388",0.0608196933431917,0.0392385118343172,2.90952513167444,0.0066923772104824,0.999958674386081,-3.84682051247413
"cg06911354",-0.0420985787663715,-0.027160373397659,-2.90792735228956,0.00671910687443553,0.999958674386081,-3.85056969838527
"cg03225580",0.0414192185536901,0.0267220764862518,2.9060199869929,0.00675114749924293,0.999958674386081,-3.85504380198673
"cg18795911",-0.0355290155047571,-0.0229219454869401,-2.90421855442511,0.00678154086119001,0.999958674386081,-3.85926789386576
"cg13879457",0.0362634690917538,0.0233957865108089,2.90309756898289,0.00680051893763101,0.999958674386081,-3.86189568959411
"cg01557798",0.0395415055979321,0.0255106487728594,2.90229641426418,0.00681411300537856,0.999958674386081,-3.86377339119937
"cg27047044",-0.0596069810200201,-0.0384561167871097,-2.90045120527097,0.00684552018903082,0.999958674386081,-3.86809697126837
"cg06394333",-0.0384183370696033,-0.0247860239158731,-2.89840761067529,0.0068804633053861,0.999958674386081,-3.87288357590516
"cg15937073",-0.0844799058501479,-0.0545031650646115,-2.89811919340709,0.00688540842493693,0.999958674386081,-3.87355896639
"cg10368049",0.0484676166104657,0.0312694300712682,2.8948274960648,0.00694208469708569,0.999958674386081,-3.88126447272812
"cg03315344",0.043778802205399,0.0282443885196123,2.89283590874723,0.00697658889501205,0.999958674386081,-3.88592414543175
"cg03264550",-0.0449320001119382,-0.0289883871689924,-2.89222467842564,0.00698721080867901,0.999958674386081,-3.8873538616006
"cg09936146",-0.0479056231489062,-0.0309068536444557,-2.89027542605051,0.0070211866318957,0.999958674386081,-3.89191216863438
"cg16582419",0.0584310479208961,0.0376974502715458,2.88958569456729,0.00703324601290732,0.999958674386081,-3.89352467955387
"cg07830534",-0.040296681458142,-0.0259978590052529,-2.88724020848202,0.00707440104121068,0.999958674386081,-3.89900650849872
"cg21817668",-0.0376939671048579,-0.0243186884547471,-2.88425568456751,0.00712709692983655,0.999958674386081,-3.9059782143041
"cg23065185",0.0471733862761793,0.0304344427588253,2.88388760843225,0.00713362136965959,0.999958674386081,-3.90683773754803
"cg16198103",0.0382629381646875,0.0246857665578629,2.87798491141551,0.0072390227228396,0.999958674386081,-3.92061301893738
"cg20848291",0.0741907062951641,0.0478649718033317,2.87613950643916,0.00727227486183649,0.999958674386081,-3.92491637574267
"cg19454930",0.0382105856281069,0.0246519907278109,2.87503816201164,0.00729218831782245,0.999958674386081,-3.92748388136438
"cg24615189",-0.05497654871699,-0.0354687411077355,-2.87501934288993,0.00729252903278351,0.999958674386081,-3.92752774848417
"cg23633543",-0.0398115861679647,-0.0256848943019128,-2.87492493449526,0.00729423849665255,0.999958674386081,-3.92774781069969
"cg15252509",-0.0498795093058757,-0.0321803285844359,-2.86628008215851,0.00745238025756249,0.999958674386081,-3.9478810365527
"cg24392577",0.0471495872350605,0.0304190885387487,2.86480251812361,0.0074797303277145,0.999958674386081,-3.95131868745576
"cg08845721",-0.0410046508080064,-0.0264546134245203,-2.85896799781963,0.00758865403414361,0.999958674386081,-3.96488311032732
"cg08164484",0.0555718691508733,0.035852818807015,2.85649817215747,0.00763521075654017,0.999958674386081,-3.97062029591453
"cg18127012",0.0551850810791772,0.0356032781155983,2.85629351479981,0.00763908061649981,0.999958674386081,-3.97109556834742
"cg10735454",0.0679727276791419,0.0438533726962206,2.85596264889899,0.00764534085158906,0.999958674386081,-3.97186389121828
"cg15992932",0.0460413996364508,0.0297041287977102,2.851176521013,0.00773643934049842,0.999958674386081,-3.98297228087495
"cg02247591",0.0421067741477887,0.0271656607405089,2.84769403769535,0.00780336477383181,0.999958674386081,-3.99104819216027
"cg11040268",0.0443279517547751,0.0285986785514678,2.84690508068211,0.00781860215977335,0.999958674386081,-3.9928769963352
"cg22442090",0.0704478764856202,0.0454502428939485,2.84252637370094,0.00790367908417819,0.999958674386081,-4.00302150611001
"cg08715595",0.0451720137874267,0.0291432347015656,2.84191186239822,0.00791568822404476,0.999958674386081,-4.00444446956071
"cg25257799",-0.045072712536427,-0.02907916937834,-2.84125078859703,0.00792862645739545,0.999958674386081,-4.00597505367786
"cg17516247",0.0516178175761227,0.0333018177910469,2.84054880435569,0.00794238712178302,0.999958674386081,-4.00760013123675
"cg23980859",0.0401253380598483,0.0258873148773215,2.83855565246586,0.00798158033326038,0.999958674386081,-4.01221296019113
"cg16987606",0.042520062924764,0.0274322986611381,2.83381027275105,0.00807562562083186,0.999958674386081,-4.02318779277702
"cg09844573",-0.0368434181455139,-0.0237699471906541,-2.83293722202488,0.00809304094788716,0.999958674386081,-4.0252057676544
"cg18583931",0.0449697826495385,0.0290127629997023,2.83281077814953,0.00809556613061061,0.999958674386081,-4.02549800076607
"cg06465011",0.041664371919881,0.0268802399483104,2.83240051534071,0.0081037644948593,0.999958674386081,-4.02644613491291
"cg26792365",0.0390696925646904,0.0252062532675422,2.82717910716927,0.00820878828548645,0.999958674386081,-4.03850602242225
"cg01859460",-0.0582481718492893,-0.0375794657092189,-2.8249034242334,0.00825496022704345,0.999958674386081,-4.04375810017462
"cg00710972",0.0645423220587392,0.0416402077798317,2.82350883582116,0.00828337576532956,0.999958674386081,-4.04697546630307
"cg13449463",-0.0440042102076725,-0.0283898130372081,-2.82274119261941,0.00829905608736927,0.999958674386081,-4.04874605036945
"cg08535928",-0.0484921678830107,-0.0312852696019424,-2.82052967138832,0.00834438577983333,0.999958674386081,-4.0538453915088
"cg03661817",0.0463042222742863,0.0298736917898621,2.81628021938664,0.00843213998378936,0.999958674386081,-4.06363723213768
"cg22360028",-0.0436504181629344,-0.0281615601051189,-2.81130311700148,0.00853602152020048,0.999958674386081,-4.07509474721758
"cg05005308",0.0607008362968043,0.039161829868906,2.80503845269558,0.00866848356444665,0.999958674386081,-4.08949933878172
"cg13392957",0.0555465613181312,0.035836491172988,2.80315745130832,0.00870863077428322,0.999958674386081,-4.09382070371487
"cg23536530",0.0415936611391474,0.0268346200897725,2.80046845422857,0.00876632628146418,0.999958674386081,-4.09999536713686
"cg13963044",0.0585541327760733,0.0377768598555312,2.79989301303047,0.00877871948624703,0.999958674386081,-4.10131628103976
"cg26020695",0.0422350226611902,0.027248401716897,2.7995256338499,0.00878664027312913,0.999958674386081,-4.10215950883607
"cg23223933",0.0511128462225786,0.0329760298210185,2.79571970565716,0.00886909213614918,0.999958674386081,-4.11089122452927
"cg12223004",0.0472145360438408,0.0304609909960263,2.79374320825658,0.00891219661515446,0.999958674386081,-4.11542301314443
"cg13443627",0.0896929936332789,0.0578664475053413,2.79367265831188,0.00891373882747058,0.999958674386081,-4.11558473767926
"cg13325228",0.0499921553202116,0.0322530034323946,2.78958549297864,0.00900351179110976,0.999958674386081,-4.1249497836071
"cg04551776",-0.069347274453667,-0.044740177066882,-2.78585332962876,0.00908622647070179,0.999958674386081,-4.13349429842782
"cg13752184",0.0776218649585868,0.0500786225539269,2.78443970376271,0.0091177416218589,0.999958674386081,-4.13672891761489
"cg00554993",-0.0420775807484478,-0.0271468262893211,-2.78183654519075,0.00917604401928838,0.999958674386081,-4.14268283904468
"cg20732076",-0.0423170883591166,-0.0273013473284623,-2.78181640652149,0.00917649641864939,0.999958674386081,-4.14272888712285
"cg07545743",-0.0521930252242182,-0.0336729194994957,-2.7814850324489,0.00918394347638278,0.999958674386081,-4.14348656209528
"cg09670601",-0.0984729684094528,-0.0635309473609373,-2.77982525547922,0.009221329318679,0.999958674386081,-4.14728077452209
"cg00377358",-0.0615764580190297,-0.0397267471090514,-2.77960413832326,0.00922632064063572,0.999958674386081,-4.14778614155623
"cg01369479",0.0380147539226825,0.0245256476920533,2.77931448939523,0.00923286277109177,0.999958674386081,-4.14844810291373
"cg05304361",0.0586471929237403,0.0378368986604776,2.77612211769117,0.0093052552875967,0.999958674386081,-4.15574120122363
"cg17877237",-0.0355334669437373,-0.0229248173830564,-2.77584105245775,0.00931165431016176,0.999958674386081,-4.15638306649267
"cg08527195",-0.0518790113109018,-0.0334703298780012,-2.77416918246349,0.00934980303808317,0.999958674386081,-4.1602002947691
"cg26621790",0.0607526456257997,0.0391952552424515,2.77131955147274,0.00941516325882495,0.999958674386081,-4.16670343376969
"cg02671204",0.037049206027643,0.0239027135662213,2.77114851540054,0.00941909977786433,0.999958674386081,-4.1670936280001
"cg17858911",0.0850692689193985,0.0548833993028377,2.76865499711312,0.00947666509254842,0.999958674386081,-4.17278059750268
"cg18587364",-0.0744771435950981,-0.0480497700613536,-2.76634842830019,0.00953020742790795,0.999958674386081,-4.17803846537482
"cg14502625",-0.062608695676893,-0.0403927068883181,-2.76560231455816,0.00954758744339487,0.999958674386081,-4.17973868467201
"cg14964336",-0.124545332121885,-0.0803518271754096,-2.76363002823849,0.00959367288142588,0.999958674386081,-4.18423174300888
"cg01055518",0.0433402883546329,0.0279614763578276,2.76362735821624,0.00959373541131428,0.999958674386081,-4.18423782427563
"cg19668476",0.0501546583007677,0.0323578440650114,2.76312166395711,0.00960558526188005,0.999958674386081,-4.18538953461024
"cg17061862",0.0472368872077644,0.0304754111017834,2.76000970657452,0.00967880911609186,0.999958674386081,-4.19247418501251
"cg19607845",-0.0350380938678501,-0.0226052218502258,-2.7590412106557,0.00970170396855426,0.999958674386081,-4.19467807584581
"cg22325292",0.0791043704221115,0.0510350776916849,2.75897585426686,0.0097032507898828,0.999958674386081,-4.19482678287887
"cg25689649",0.0430529176205319,0.0277760758842142,2.7574814942536,0.00973868151524825,0.999958674386081,-4.1982263607961
"cg07137034",-0.0374926535526768,-0.0241888087436625,-2.75727322142416,0.00974362918135401,0.999958674386081,-4.19870008097714
"cg01247987",0.0558193584712859,0.0360124893363134,2.75416928466038,0.0098176444314366,0.999958674386081,-4.20575749138231
"cg24366429",0.0373880905575963,0.0241213487468362,2.7514832132481,0.00988211933612029,0.999958674386081,-4.21186094439135
"cg13484596",-0.0462007581090589,-0.029806940715522,-2.7494678401311,0.00993075483591218,0.999958674386081,-4.21643804246407
"cg27153759",0.037828415869402,0.0244054295931626,2.74924839489498,0.00993606402897427,0.999958674386081,-4.216936300876
"cg15414745",-0.0639181938832973,-0.0412375444408371,-2.74768493457903,0.00997396676917755,0.999958674386081,-4.22048550097213
