"X","logFC","AveExpr","t","P.Value","adj.P.Val","B"
"cg17858911",-0.0714526727928135,-0.046555565842343,-8.06848686302085,1.1325446745434e-14,2.46554975648097e-09,21.3200284819826
"cg00692277",-0.0363848491912509,-0.0237068422492569,-7.31037371189422,1.80514494169001e-12,1.96490026902958e-07,16.3177914860534
"cg04160749",-0.0618390367900353,-0.0402917236875584,-6.25413527480582,1.1583792170226e-09,7.38197021400181e-05,9.96985500098338
"cg06211550",-0.0973531730274132,-0.0634312458818839,-6.22389921648675,1.37854735746508e-09,7.38197021400181e-05,9.79956720305579
"cg03198010",0.0530887595242821,0.0345904098883425,6.16312754834038,1.95197126896135e-09,7.38197021400181e-05,9.45930892474202
"cg05401945",-0.102443053695661,-0.0667475987252181,-6.15585879383419,2.03453473973408e-09,7.38197021400181e-05,9.41879128493062
"cg21759570",-0.0375559835168987,-0.0244699042744666,-6.07698245401445,3.18171910757415e-09,9.8951464245556e-05,8.98160042717276
"cg12440927",0.0691270816651739,0.0450403081671104,6.0176377202411,4.441311128195e-09,0.000120859179076006,8.65568071267196
"cg08477332",-0.138849680124711,-0.0904686301095853,-5.90320106193215,8.38978967013771e-09,0.000182984208418139,8.03456349165408
"cg25000576",0.0389807740776347,0.0253982380675807,5.6202048562523,3.88349713565936e-08,0.000497316074372378,6.5408588172969
"cg00931874",0.0549624037316617,0.0358111978988164,5.55792238623539,5.39833068519252e-08,0.000652898105648006,6.22032622976485
"cg09785958",0.0532381758306505,0.0346877632890924,5.54701515297571,5.71716122558072e-08,0.000655066315162591,6.16450090220211
"cg18060330",0.07627071762917,0.0496948018547,5.47687569333113,8.25121929129121e-08,0.000855376399863855,5.80771670534376
"cg16602316",-0.0600094074409556,-0.0390996139133705,-5.45048665369821,9.46355651535519e-08,0.000928718744703429,5.67447187549646
"cg21749424",-0.0487494599878606,-0.0317631042413823,-5.35997154901757,1.50849247384809e-07,0.00121629189465455,5.22157653197586
"cg19649083",-0.0381269655788399,-0.0248419322468362,-5.32533206049597,1.80022041418575e-07,0.00126421930376851,5.04995976098488
"cg03498886",-0.0408595988113366,-0.0266224014918057,-5.30569666739183,1.98918428859717e-07,0.00134234392677963,4.95309926036439
"cg05867884",-0.0386935425679012,-0.0252110900584059,-5.29098106192414,2.14328433200589e-07,0.00137233235022848,4.88070769272648
"cg02287371",-0.0443476434814151,-0.0288950651578625,-5.25918774824262,2.51679230012893e-07,0.00152196023260575,4.72489021511938
"cg01412970",-0.075110043712958,-0.0489385553937121,-5.2368534884532,2.81616768184874e-07,0.00159650285440075,4.61591093080064
"cg07900024",0.0402560826597248,0.0262291756706422,5.15834355316168,4.1680233545366e-07,0.00194297479374012,4.23597896682169
"cg13105904",-0.0390401324591166,-0.0254369135002743,-5.10260523924844,5.48998749078922e-07,0.00233760886248926,3.9692404475081
"cg27337397",0.0365948803693467,0.0238436897590644,5.09330644831805,5.74685392053882e-07,0.00233760886248926,3.92498367699827
"cg26874282",0.0437958496976378,0.0285355394630501,5.07144100740427,6.39753698980308e-07,0.00250163478490036,3.82119160019081
"cg05771342",-0.0406552663208278,-0.0264892670079048,-5.0363642177918,7.59288449303174e-07,0.00283593694669628,3.65549342558703
"cg19453488",-0.0421548281742806,-0.0274663186404661,-4.9849119828645,9.74504495674125e-07,0.00311984748100378,3.41424243144114
"cg12944343",-0.0547017923656292,-0.0356413944591917,-4.96145391683339,1.09118710503528e-06,0.00344277438791565,3.30496514724973
"cg13868111",-0.0372894395998601,-0.0242962354333366,-4.92380781391989,1.30717143540172e-06,0.0039816403501839,3.13053136147876
"cg05931119",-0.0498296338747504,-0.0324669002583359,-4.92224087373077,1.31700306175145e-06,0.0039816403501839,3.12329599714674
"cg20152309",-0.0555930745803906,-0.0362221165821242,-4.86809856330304,1.70419386473839e-06,0.0044343530983848,2.8745273942388
"cg08633479",-0.0502110785365504,-0.0327154336073841,-4.85928107019155,1.77686250090024e-06,0.00445397200372784,2.83424105536104
"cg06372850",-0.0368939558983073,-0.0240385548345912,-4.85249490062658,1.83481741033332e-06,0.0045390880707905,2.80327913744221
"cg02914827",-0.035125229649995,-0.0228861269674187,-4.84252870090029,1.92324841344417e-06,0.00470439527648085,2.75787693408615
"cg07620573",-0.0631900772272127,-0.0411720049922349,-4.82973228451965,2.04283666475561e-06,0.00478199507437952,2.69970114076621
"cg11395949",0.0416564145371269,0.0271415732111592,4.81701749430783,2.16875025779513e-06,0.00495090515085981,2.64202997509398
"cg21801165",0.0490880247796294,0.0319836988649143,4.79319305375882,2.42512236674356e-06,0.00507643403115455,2.53432701216381
"cg12273319",0.0457275713754382,0.0297941683182742,4.77230708522339,2.67370467871072e-06,0.00521136782166856,2.44029350888944
"cg26954114",0.0403709581297223,0.0263040237105839,4.7234809345455,3.35431867746022e-06,0.00566073779909372,2.22187556128
"cg14463292",-0.0424977496914081,-0.0276897519235803,-4.71116215078789,3.55078471939658e-06,0.00587503871554731,2.16708138569897
"cg00297876",0.0501945553984024,0.0327046678233217,4.68677305246997,3.97294015091793e-06,0.00607804127922054,2.05897041625919
"cg22547775",-0.0435118299395693,-0.0283504840966032,-4.64210770721084,4.87449239908764e-06,0.00651012154922108,1.86226472389483
"cg22076941",-0.0355043619026233,-0.0231331536476016,-4.62001764446612,5.39015711861289e-06,0.00690257179248251,1.76559613827493
"cg08219700",0.0611998679492868,0.0398752680689404,4.60215794664581,5.84503064827314e-06,0.00714866950634305,1.68773871195806
"cg05723825",-0.0415595924488486,-0.0270784879978333,-4.56505360401319,6.91087735317125e-06,0.00774339942067731,1.52684155635009
"cg18890544",-0.0389659815206045,-0.0253885998576177,-4.55981216187178,7.07572678564749e-06,0.00781921685906324,1.50420608522832
"cg19668234",-0.0382373437754613,-0.0249138500520003,-4.55115716638562,7.35623518488841e-06,0.00792798217698122,1.46687956694778
"cg24524379",0.0564005600070174,0.0367482402312011,4.54837714008325,7.44858005653753e-06,0.00796515536711124,1.45490348386811
"cg04289314",-0.0431671898930744,-0.0281259310918048,-4.52975062837546,8.09663862292487e-06,0.00838012000442714,1.37483016497037
"cg22018083",0.0406570168616873,0.026490407586935,4.52904534623028,8.12221093676677e-06,0.00838012000442714,1.37180397874404
"cg09780231",0.039942233373871,0.0260246846345336,4.51737774279372,8.55667795391939e-06,0.00863800091439207,1.32180212598782
"cg15473092",-0.0448243034311868,-0.0292056367965239,-4.51424978998382,8.67689289924378e-06,0.00863800091439207,1.30841671333262
"cg09898978",0.0412095487829647,0.0268504142211951,4.51183367933954,8.77085785337147e-06,0.00863800091439207,1.29808313090717
"cg03623401",-0.0376167705612812,-0.0245095105640076,-4.51105300059765,8.80142741892711e-06,0.00863800091439207,1.29474526084834
"cg07090980",0.0365502530288775,0.0238146124550759,4.50991691155748,8.84609675758328e-06,0.00863800091439207,1.28988871762203
"cg11062466",0.081983408613951,0.0534169517881267,4.49484435113783,9.4597090879021e-06,0.00890399677472698,1.22555983114274
"cg18036763",0.0373653632971064,0.0243457041312592,4.4791598261017,1.01415057234521e-05,0.00927448099221975,1.15882297602641
"cg06747330",0.042465116303836,0.027668489376437,4.47826246930634,1.01819060961898e-05,0.00927448099221975,1.15501106171501
"cg16464373",0.0441573635607193,0.0287710867392788,4.46872054816024,1.06211561151803e-05,0.00947734509013946,1.11451974655436
"cg16300531",-0.0449598822033406,-0.029293974240137,-4.46605485561939,1.07470793267039e-05,0.00954954763029979,1.10322160840344
"cg13732083",0.0907710520006139,0.0591426117851025,4.43101798244037,1.25411597461763e-05,0.0103417063512976,0.955282965876584
"cg07509935",-0.0495451684131789,-0.0322815544901732,-4.42458913909942,1.29001123629117e-05,0.0104991298661541,0.928251121904058
"cg16919449",-0.0449540868500453,-0.0292901982309077,-4.42457962428521,1.29006508442259e-05,0.0104991298661541,0.928211140264841
"cg03469862",-0.0372535848585724,-0.0242728739871718,-4.3552840713157,1.74500271923783e-05,0.0122109829383788,0.639072067488547
"cg02299497",0.0878627620441178,0.0572476919834196,4.35426312933803,1.75273509167549e-05,0.0122109829383788,0.63484273940322
"cg06572093",0.0552691843134274,0.0360110832637062,4.34379367255049,1.83394356420717e-05,0.0124113911062115,0.591523617714067
"cg20007021",-0.0511405589185466,-0.0333210440545771,-4.3308284936269,1.93950611369475e-05,0.0127177855708237,0.53800788090564
"cg26739975",-0.0356465453133183,-0.0232257943967796,-4.32881551698977,1.95640823213801e-05,0.0127420231353863,0.529711908997916
"cg27104695",-0.0786746063592474,-0.0512610749649488,-4.31818039952626,2.04807075604683e-05,0.0130588435742126,0.485939532823011
"cg10960055",-0.0439866099182679,-0.0286598308249338,-4.3157942073282,2.06919384177587e-05,0.0131330466284142,0.476131662664258
"cg05275595",-0.0539648519235877,-0.0351612349643772,-4.25588695005473,2.67313396462717e-05,0.015579161585434,0.231497521427197
"cg25396728",-0.0466043568986924,-0.0303654450048137,-4.25444706589999,2.68954199769622e-05,0.0156136878106258,0.225655622053223
"cg02270332",0.0959104326709446,0.0624912167544398,4.24748972000213,2.7701880015847e-05,0.0159542308980156,0.197453403224021
"cg21819782",-0.0725281101306855,-0.047256275722543,-4.23297506363583,2.94593036342475e-05,0.0165419474604791,0.138751095510891
"cg17193961",-0.0388141849066084,-0.0252896955482152,-4.22565432563109,3.0385580426893e-05,0.0167891899972959,0.109212338179336
"cg17611045",-0.049595364478328,-0.0323142601416868,-4.21498610627184,3.17853165314283e-05,0.0168772278265657,0.0662494051608444
"cg27387193",-0.0482182812678474,-0.0314170104578043,-4.20604069573309,3.300622949489e-05,0.0173561743020231,0.0303002219073125
"cg07434457",-0.0391898286198936,-0.0255344492424235,-4.20077776039803,3.37453098072936e-05,0.0175068043273241,0.00918218052650666
"cg11860238",0.0386349314758727,0.0251729015281889,4.19345117846199,3.48005174402327e-05,0.0177862820100702,-0.0201766177457596
"cg18322589",0.0409184629618271,0.0266607549043065,4.19199131703428,3.50144999951184e-05,0.0177862820100702,-0.0260209782552963
"cg02534163",0.0372262750057789,0.0242550800320939,4.18878524171918,3.54888503334739e-05,0.0178840803648085,-0.0388496100844318
"cg19815989",-0.0548930780364005,-0.0357660281823573,-4.18750847940685,3.56794528333977e-05,0.0179386071173918,-0.0439559107590366
"cg10622551",-0.0401395988685941,-0.0261532797160811,-4.15867625994892,4.0252829684936e-05,0.0190250563606627,-0.158892479198105
"cg23740940",-0.0367812530173379,-0.0239651223625714,-4.15237934017554,4.13234433143913e-05,0.019222464977656,-0.183898738971735
"cg03600259",-0.0423784965494017,-0.0276120515760974,-4.13210129910972,4.49585826478718e-05,0.0202108807263146,-0.26419314028764
"cg02899001",-0.040954013991017,-0.026683918464402,-4.12998019245504,4.53559487276924e-05,0.0202559680023757,-0.272571424545138
"cg13264672",-0.0553056492356769,-0.036034842278203,-4.11116391490208,4.90304515770816e-05,0.0210715679778321,-0.346723941204427
"cg09367266",-0.0388578552434607,-0.0253181493087705,-4.11095189670493,4.90734265721677e-05,0.0210715679778321,-0.347557725460728
"cg25582488",0.0571047013505876,0.0372070292085982,4.10062330143038,5.12109507586164e-05,0.0214809710600208,-0.388128719897585
"cg20583945",0.047716967500714,0.0310903754253944,4.07855127878357,5.60795868058797e-05,0.0225665915852865,-0.474517187987926
"cg15574301",-0.0352938890898106,-0.0229960183871288,-4.06920443657958,5.82713340165844e-05,0.0231068659661392,-0.510972284872174
"cg16622613",-0.0381414613990824,-0.0248513771155494,-4.05321978680855,6.22095789880248e-05,0.0241408651438378,-0.573140086701944
"cg25356393",-0.0452657067850396,-0.0294932367154649,-4.0326102064186,6.76616734616328e-05,0.0254308046274923,-0.652966243564244
"cg22033530",0.0367882420563118,0.0239696761273419,4.01187342528951,7.36037926665547e-05,0.0265730442180911,-0.7329105626653
"cg04846574",-0.0371306133697288,-0.0241927509207865,-4.00320963523215,7.62304146711103e-05,0.0272824478224474,-0.766199765549053
"cg25142479",-0.0423260577944594,-0.0275778846819425,-3.99992089956135,7.72505824789109e-05,0.0274794964144753,-0.778818994425635
"cg05041596",-0.0408861167154445,-0.0266396794463236,-3.96144824429887,9.018909360989e-05,0.0298391575666764,-0.92573875057934
"cg04319873",-0.0380066830453699,-0.0247635611910342,-3.94035784995984,9.81286838064918e-05,0.0311408374120602,-1.00572781280958
"cg10923662",-0.0514478112153579,-0.0335212367692134,-3.92633662378112,0.000103769031864847,0.03199790118552,-1.0586894542821
"cg27462519",0.048265599355202,0.0314478409396501,3.92117724905053,0.00010592080107289,0.0324774061881241,-1.07813416261489
"cg18091046",-0.0428399525785176,-0.0279127169775044,-3.91749642811563,0.000107481695440954,0.0329096555520333,-1.09199216173225
"cg24935409",0.04429506818702,0.0288608093003247,3.9150441972846,0.000108533662766015,0.0329345904323167,-1.10121799639041
"cg18712599",0.0365886685483854,0.023839642396965,3.91435999555794,0.000108828910411272,0.0329345904323167,-1.10379116985009
"cg01113488",-0.0416693639618219,-0.0271500105133684,-3.90930167924885,0.000111035410383991,0.0331468604471841,-1.12280189972661
"cg15265085",-0.0378593127697136,-0.0246675408981137,-3.89681842500767,0.000116663521474465,0.034043677731856,-1.16962140338772
"cg12756686",0.0656928999902427,0.0428027393704131,3.8964903696425,0.000116815008110687,0.034043677731856,-1.1708499508043
"cg14983838",0.079835896955646,0.0520177232288912,3.83957005696272,0.000146114964452347,0.0388487057811831,-1.38257491827547
"cg00274965",0.0875659215428104,0.057054283158205,3.83808372223995,0.000146966073754115,0.0388754729723825,-1.38806523551527
"cg10915739",0.052174493894986,0.0339947127361099,3.83567306603174,0.000148356445562139,0.0389122869865996,-1.39696571311441
"cg18941641",-0.0351222566085533,-0.0228841898582641,-3.83511598550342,0.000148679512187803,0.0389500960328336,-1.39902180019801
"cg24508426",-0.0530513242244286,-0.0345660186164832,-3.82158082105706,0.000156736415344769,0.0399549386657567,-1.44889329408184
"cg07524919",-0.0516806611089804,-0.0336729519973527,-3.81562515263327,0.000160410782935518,0.0404651534705241,-1.47078606460946
"cg10884544",0.0432038785622236,0.0281498358904007,3.80631783995193,0.000166316384042677,0.0412381284807411,-1.50493637706393
"cg23928763",-0.0377299634388751,-0.0245832622972841,-3.80210105501469,0.000169059067695125,0.0414928512257369,-1.52038328602233
"cg14544666",-0.0373367941934235,-0.0243270897010974,-3.80160071129828,0.000169387322553355,0.0415265992340827,-1.52221509637355
"cg00049595",-0.0366689133336968,-0.0238919265347033,-3.79942519601075,0.00017082160119418,0.0415971617225648,-1.53017730200894
"cg01992382",-0.0470780230652284,-0.0306740660198372,-3.77681142057813,0.000186425618972246,0.0433137491437715,-1.61269307784332
"cg18976044",-0.044052379890522,-0.0287026837813599,-3.76876746963484,0.000192293571470032,0.0441438012099423,-1.64193526827734
"cg05213296",0.0443948514569047,0.0289258238954337,3.74159352253986,0.000213431816090231,0.047267656523747,-1.74029526214549
"cg08893036",-0.0405636021747238,-0.0264295424934461,-3.69049125130446,0.000259246773734565,0.0523028236690073,-1.92348548681734
"cg22987448",-0.0389415128691365,-0.0253726571102023,-3.68949347313816,0.0002602273330974,0.052358124228562,-1.92703910478571
"cg12950816",0.0707445614310243,0.0460941901675229,3.68246423510255,0.000267234868353412,0.0530802942355046,-1.95204874908715
"cg12319143",0.0647276116690456,0.0421737979713329,3.68201952810039,0.000267684124550634,0.0530802942355046,-1.95362950724134
"cg18044572",-0.0385467535331967,-0.0251154484777202,-3.68015000988177,0.000269580555914543,0.0532986406156641,-1.96027297438366
"cg13699009",0.0358395266749542,0.0233515329610182,3.67941238303782,0.000270332275122562,0.0533556992694304,-1.96289332484863
"cg08706567",-0.0359103080493082,-0.023397651136943,-3.64985567472472,0.000302129621956531,0.0561049890273994,-2.06749033981276
"cg25335841",-0.0387493165957393,-0.0252474300765441,-3.64331435511086,0.000309627021720288,0.0569305765443469,-2.09053346698974
"cg07898899",-0.0417045754254469,-0.0271729528267785,-3.63453916408114,0.000319959813831215,0.0582401768152638,-2.12138565189718
"cg18896979",-0.0534992838851129,-0.0348578903500736,-3.62100264601697,0.000336536788953189,0.0595642755732596,-2.16884253641777
"cg18815120",0.0613324178605785,0.0399616320338047,3.61960318301495,0.000338295869579861,0.0596360300257072,-2.17373945819134
"cg14508358",-0.0383417681295909,-0.0249818885830195,-3.58905209297911,0.000378919235559038,0.0628329798548111,-2.28020396583043
"cg01400671",-0.0480865600092451,-0.03133118640829,-3.58881682791743,0.000379249129670289,0.0628329798548111,-2.2810205648916
"cg07722678",0.0432859953466267,0.028203339744261,3.53327873451238,0.000465134612882494,0.0699136970046172,-2.4723982012114
"cg06532268",-0.036363537832991,-0.0236929566617222,-3.52733150798637,0.000475341070496884,0.0707325707772875,-2.49272690576972
"cg11346248",0.0358227449868652,0.0233405987166544,3.52531582130673,0.00047884767488126,0.0710600809963533,-2.49960965056553
"cg11343894",-0.0669917913237416,-0.043649042505554,-3.52174157403274,0.000485125289194555,0.0715640578328944,-2.5118052276591
"cg13557773",-0.035785413188566,-0.0233162748820685,-3.51808571716964,0.000491625919509865,0.0721205947960226,-2.52426733496199
"cg10181281",0.0380747644187047,0.024807920159496,3.48142856710463,0.000561473349381087,0.0783041307881247,-2.64855704853216
"cg26310551",-0.0388195083927433,-0.0252931641085862,-3.45018776852942,0.000628218583264123,0.0835821393776644,-2.75352273953781
"cg15595755",-0.0565447408423285,-0.0368421824185143,-3.43565945220646,0.000661720509878362,0.0859525984489973,-2.80203508600644
"cg23132774",-0.0360300344949908,-0.0234756598692575,-3.43321424718007,0.000667520522042279,0.0863218222031815,-2.81018119377931
"cg22452837",-0.0470026227249809,-0.0306249383193926,-3.43312413174217,0.00066773517955975,0.0863218222031815,-2.81048130631393
"cg19142026",-0.055661584879946,-0.036266755020928,-3.42302560180305,0.000692202658350634,0.0882593813126664,-2.84406588360918
"cg13407335",-0.0380672980850765,-0.0248030554095399,-3.41997921453986,0.000699746395042416,0.0886792664611827,-2.85417905040523
"cg25301532",-0.0423032172367466,-0.0275630027321578,-3.41855955894925,0.000703288020115314,0.0889116155511636,-2.85888903803609
"cg18834058",-0.0403277080191607,-0.0262758437518611,-3.41644013747223,0.000708606496597929,0.0893246290152687,-2.86591723189679
"cg21139150",0.0906584895707751,0.0590692708251509,3.40371418492115,0.000741338406360414,0.0916985062867398,-2.90803185133327
"cg08048268",-0.0471128819280386,-0.0306967785933396,-3.39059736192247,0.000776547551547128,0.0940235828541768,-2.95128597873504
"cg16834823",-0.0470112968455182,-0.0306305900126605,-3.38872169758201,0.000781707906510222,0.0942813358710667,-2.95745839865632
"cg13909895",-0.0462353064536618,-0.0301249872077683,-3.38249741056818,0.000799062208478667,0.0952139259911362,-2.97791829936393
"cg07895657",-0.0378291387066548,-0.0246478807437128,-3.36597485469731,0.000846886941764855,0.0978594942793041,-3.03205871021437
"cg27532318",-0.0375921319111519,-0.0244934570525919,-3.36047750182253,0.000863381280314635,0.0988212958593564,-3.05001709478273
"cg01337207",-0.0372895488156958,-0.0242963065937961,-3.35943232096216,0.000866550906314365,0.0990799014205028,-3.05342830728117
"cg00012362",-0.0413306246122386,-0.0269293021552829,-3.35863529741912,0.000868975246166111,0.0992528389771052,-3.0560289266954
"cg15727583",0.0419213252090997,0.0273141778982803,3.35139029864417,0.000891304103203029,0.100695610084504,-3.07964219125684
"cg21594961",-0.067611165862722,-0.0440526009870426,-3.34498668788493,0.000911483335212906,0.101706777076294,-3.1004733321802
"cg22459517",0.0756194680523633,0.0492704749349676,3.31592480972509,0.00100852109306347,0.107256981905187,-3.19454242941504
"cg14013597",-0.0369655503754613,-0.0240852027942099,-3.3154368791113,0.00101022938567115,0.107333790756764,-3.19611520995553
"cg00520378",-0.0533927533891644,-0.0347884795453479,-3.31209304700574,0.00102200904445718,0.107900760901226,-3.20688776439173
"cg07599136",0.0411950866938522,0.026840991330272,3.31011537708462,0.00102903593786714,0.108350682910001,-3.2132542576396
"cg24617313",-0.0532123114579731,-0.0346709111482545,-3.30453923178888,0.00104909116491742,0.109067405254309,-3.23118568185582
"cg01819759",0.0582203230184969,0.0379339215134682,3.27913852093261,0.00114512701487942,0.113534534219107,-3.31250806792402
"cg22126965",-0.0358652210567206,-0.0233682743429058,-3.2741742907877,0.00116482427180087,0.114639350800655,-3.3283324966875
"cg00525277",-0.038440042131946,-0.0250459198026843,-3.26074836579847,0.00121968239285014,0.117194593801811,-3.3710171647032
"cg14804593",-0.0465060959618928,-0.0303014222981172,-3.25943163915377,0.0012251896205709,0.117499462730522,-3.37519450756077
"cg09858108",0.0413039057255732,0.026911893248957,3.25215698873872,0.0012560339190892,0.119182660317984,-3.39824485649989
"cg25436886",-0.0435027956285172,-0.0283445977182973,-3.20808154069222,0.00145883864729259,0.129840218117578,-3.53686382397051
"cg14457074",0.0519218986056506,0.0338301322359762,3.19376521872776,0.00153097444864745,0.133104212189251,-3.58150541286986
"cg00343839",-0.0377753013676826,-0.0246128025908414,-3.19364673493442,0.00153158498637609,0.133104212189251,-3.5818740865916
"cg25271479",0.0391822139998445,0.0255294878752528,3.19297392129141,0.00153505621500415,0.133133780717102,-3.58396736621956
"cg25772418",0.0880615691881033,0.0573772263831836,3.19264650050199,0.00153674809887894,0.133133780717102,-3.58498589784052
"cg09252806",-0.0491925973974308,-0.032051833998326,-3.16912402811329,0.00166290809455127,0.13912955118517,-3.65790093770519
"cg18984983",0.0432209310289737,0.0281609465627874,3.11738934383423,0.00197474968695005,0.152447874769158,-3.8164751896069
"cg13586425",0.0769302864679611,0.0501245492567451,3.11667648332726,0.00197940049560629,0.152644522810305,-3.8186429675723
"cg01969701",-0.0382529716330706,-0.0249240325087995,-3.11622160491523,0.00198237346529178,0.152819654176353,-3.82002598795485
"cg16513459",-0.0412727186830891,-0.0268915730796332,-3.11322363869995,0.00200207059701838,0.153512319981216,-3.82913627895324
"cg00321709",0.0565868108078852,0.0368695934442312,3.10046143326718,0.00208795526821376,0.156997890953746,-3.86782549553609
"cg03607813",-0.0397666328841121,-0.0259102707176934,-3.09869468310684,0.00210010867352325,0.157219277244158,-3.87316962376903
"cg23226914",-0.0358046492011121,-0.0233288082613478,-3.09837723307494,0.00210229929313636,0.15732917020137,-3.8741295521386
"cg21862353",-0.0488057344074185,-0.0317997702937854,-3.09389863957898,0.0021334297351249,0.158568676454999,-3.88766232189175
"cg03357999",-0.0406194039947715,-0.0264659006198228,-3.0848922890236,0.00219732127264555,0.161179710929055,-3.91482028380637
"cg15747825",-0.0350827600118669,-0.0228584555318113,-3.08372317570807,0.00220574295938776,0.161517067695498,-3.91834015594169
"cg14964336",-0.0450709229218097,-0.0293663237167599,-3.07941131002121,0.00223706089974905,0.162222469023966,-3.93131104502105
"cg21838488",0.042286853399231,0.0275523407417086,3.05813705452409,0.00239765571144785,0.166710203890832,-3.99505611232946
"cg08779649",0.0830602139738668,0.0541185530141342,3.04808473186538,0.00247716759936695,0.169318488660027,-4.02503058969669
"cg18753928",0.0402333674602124,0.0262143753990053,3.035594286499,0.00257933843703412,0.172443326427825,-4.06214472993664
"cg07317062",-0.0350069996591975,-0.0228090932623666,-3.02489511805872,0.00266991867785901,0.175178208610581,-4.09382125752039
"cg19665696",0.0568233734216941,0.0370237277251831,3.02088207956307,0.00270463977413572,0.176137916681213,-4.10567509264555
"cg21191810",-0.0389836949463706,-0.0254001411831877,-3.01317875328529,0.0027724531036893,0.178862189343706,-4.12838754005649
"cg27171569",-0.0475455289190364,-0.0309786732333665,-3.00920485572527,0.00280804237164984,0.180168235870371,-4.14008262511534
"cg12623302",0.0394237499041843,0.0256868625438028,2.99890710877483,0.00290222488970996,0.183028493189414,-4.17032042159139
"cg22676075",-0.0486290940920836,-0.0316846788701962,-2.97942405099429,0.00308837918356267,0.188868697583724,-4.22726000404781
"cg23666844",0.0422230132055158,0.0275107451480698,2.96232018290283,0.0032607470993531,0.194121699360335,-4.27695546408692
"cg08570243",-0.0372781740581897,-0.0242888952787072,-2.96000067966398,0.00328478838067358,0.19478333249311,-4.28367384722967
"cg11445109",0.0529706677076017,0.0345134662117519,2.95819993158573,0.00330356454011461,0.195112859572151,-4.2888862165081
"cg18026197",0.036590060438548,0.023840549294238,2.94978482564621,0.00339261587100357,0.197796779305287,-4.31320421512501
"cg12342675",0.0613646106869196,0.0399826075297209,2.94732892180325,0.00341901571889545,0.198534036730441,-4.32028886488899
"cg01911613",0.0539859200329624,0.035174962061137,2.93802179451474,0.00352077648894813,0.201556798013777,-4.34708654637919
"cg06106484",-0.0443681168773929,-0.0289084047643069,-2.9351796432414,0.00355239871828351,0.202396545660906,-4.35525376790544
"cg25987564",-0.0369479498247485,-0.0240737350132922,-2.92624947387217,0.00365345323011329,0.205656348553778,-4.38086656648134
"cg15975750",-0.0381312164535713,-0.0248447019385875,-2.91211766157605,0.0038187446663847,0.209934523705038,-4.42124637885883
"cg25125450",-0.0402393221214606,-0.0262182552066174,-2.91139404965284,0.00382738919456632,0.210091434104157,-4.42330899273752
"cg07099606",0.0465195201295641,0.0303101689229454,2.91027743078329,0.00384076376604426,0.210431682869037,-4.42649089165908
"cg10517650",0.0411433246115424,0.0268072653276339,2.88698323927126,0.0041296800331161,0.218105614558315,-4.49260428817069
"cg05194426",0.0525955123285615,0.0342690306956633,2.8745138485743,0.0042923483686169,0.221434100796194,-4.52778658924886
"cg10835286",-0.0389631947333844,-0.0253867841039048,-2.86996765333629,0.00435309224546289,0.223261715662328,-4.54057750442398
"cg21827317",0.0402234889691018,0.0262079389883666,2.86783029911316,0.00438192003134734,0.223949917712886,-4.54658436552114
"cg19469447",0.0407607570391577,0.0265580003371283,2.8514530696007,0.00460864193652069,0.229178277096935,-4.59246947210822
"cg14927855",0.046531948849131,0.0303182669555244,2.85054272791119,0.00462155204572926,0.229536382055487,-4.59501267272166
"cg04546413",0.0727014440258261,0.0473692128213597,2.84664883954629,0.0046771456677944,0.230626186156023,-4.605882186579
"cg19651757",-0.035909247301217,-0.02339695999796,-2.83401028352974,0.00486180330979659,0.23489005338276,-4.64106403567328
"cg13286116",-0.0593540250378445,-0.0386725942172925,-2.83261969790168,0.00488252003285545,0.235368603001025,-4.64492586535469
"cg23400446",0.0423038556961068,0.0275634187255087,2.8163800380072,0.00513046290941699,0.241805969989192,-4.68989133121069
"cg24299306",-0.0378696016811422,-0.0246742447214241,-2.81337904848306,0.00517751311691149,0.242745253639854,-4.69817362123169
"cg03337057",0.0374896066995589,0.0244266559232253,2.80190621784508,0.0053610184225786,0.24554885558497,-4.72975911089022
"cg13012494",0.0520972108992843,0.0339443583763042,2.79632388928262,0.00545242254243556,0.247238572690736,-4.74508300270601
"cg21358336",0.0740729167471154,0.0482628069457126,2.79185966085498,0.00552653322947201,0.249155890618567,-4.75731659273805
"cg09455823",0.0392624478362328,0.0255817648791319,2.77008370833638,0.0059012900720125,0.257655735948961,-4.81672237738427
"cg17025149",-0.0366319940741802,-0.0238678714930919,-2.76550125309331,0.00598302379747724,0.259825310335287,-4.82916681259049
"cg04043455",-0.064285266836401,-0.0418855846242839,-2.74882634892516,0.00628915851111014,0.265985281849618,-4.87428380966454
"cg04143909",-0.035638065255431,-0.0232202691465981,-2.70465553326546,0.00716968776566249,0.282709839989988,-4.99253202891568
"cg09712682",0.0366625569973398,0.023887785012431,2.69650842830124,0.00734374112029019,0.285875684104209,-5.01414169786237
"cg15145296",0.0512012517612314,0.0333605889662414,2.68779210470143,0.00753416212209461,0.289790867374435,-5.03719191601136
"cg01273330",-0.0455012353065701,-0.0296466972252439,-2.67912288482613,0.00772795270540304,0.293403436338724,-5.06004651625215
"cg05457730",-0.0419949851415139,-0.0273621716219495,-2.6726628044616,0.00787526499245337,0.29610452311867,-5.077031086329
"cg10440639",-0.0445805615151394,-0.0290468247832353,-2.6614978065878,0.00813583133708563,0.300912416256123,-5.10629278740554
"cg23246911",-0.050338663712586,-0.0327985627589087,-2.64523270896668,0.0085292982685546,0.307574661763183,-5.14871045233195
"cg07376282",-0.0515846460034972,-0.0336103925801823,-2.63330419112444,0.00882863173860295,0.312598742740734,-5.17965993440386
"cg18232235",0.0405924147744369,0.0264483155754121,2.61836368451838,0.00921682532242121,0.318006824270241,-5.21823453837216
"cg14918082",-0.0361663540549462,-0.0235644799791434,-2.61123734899359,0.00940731968536316,0.320496634664094,-5.23655952843758
"cg17658113",-0.0520122252338455,-0.0338889852798427,-2.598361345986,0.00976047082197832,0.32639398643437,-5.26954763675699
