"X","logFC","AveExpr","t","P.Value","adj.P.Val","B"
"cg15815084",0.0361003766611745,-0.017763677404705,4.11746354156227,5.71714874060164e-05,0.999866547971233,-0.076546105610495
"cg03803541",-0.0569844333294213,0.0280399592573343,-4.10397555530613,6.03199901267385e-05,0.999866547971233,-0.127676871650026
"cg16848873",-0.0496285573074303,0.0244204012147673,-4.07654391292945,6.72412763530292e-05,0.999866547971233,-0.231232488602526
"cg20471691",-0.0468746960576248,0.0230653266315297,-4.0226297123725,8.31123359070275e-05,0.999866547971233,-0.43306120268184
"cg03456393",0.0353211185230714,-0.017380232924051,3.95013870511953,0.000110143809745818,0.999866547971233,-0.700858350094731
"cg01986016",-0.0399176188160946,0.0196420029095069,-3.86539602124602,0.000152337507851164,0.999866547971233,-1.00867313590099
"cg18249108",0.0350161374769672,-0.0172301628854919,3.70748705923951,0.000274856663980057,0.999866547971233,-1.56698423788925
"cg05279229",0.0567397306559191,-0.0279195500052935,3.65157326993598,0.000337225180335251,0.999866547971233,-1.75985543970038
"cg06444025",0.0375083699144196,-0.0184564994816985,3.58131084333194,0.000434584590456863,0.999866547971233,-1.99860768219896
"cg18684142",-0.0436028010012656,0.0214553465244322,-3.57579252063799,0.000443258418453832,0.999866547971233,-2.01718767747322
"cg10857441",-0.0432775692066599,0.0212953118318486,-3.54281118798143,0.000498590120951086,0.999866547971233,-2.12771238110587
"cg05888755",-0.0455323798034664,0.022404821808055,-3.49105208879912,0.000598675278522554,0.999866547971233,-2.29935376436899
"cg15288329",-0.0400966593998375,0.0197301022443645,-3.42283704583044,0.000759520149996141,0.999866547971233,-2.52216940700932
"cg15435170",-0.037771688234319,0.0185860688137125,-3.38216589855939,0.000873813637960488,0.999866547971233,-2.65316804286376
"cg27454064",0.0369972534511367,-0.0182049977299244,3.29279086421131,0.00118373075363727,0.999866547971233,-2.93615276765323
"cg10906729",-0.039756904963258,0.0195629214898571,-3.23928968654908,0.0014154117122662,0.999866547971233,-3.10231797484079
"cg19828220",-0.0384642529074437,0.0189268546052501,-3.21136039226071,0.00155246974471429,0.999866547971233,-3.18809375294752
"cg05666036",-0.0373864758651433,0.0183965198701499,-3.20957883363744,0.00156161743721179,0.999866547971233,-3.1935426482042
"cg02773436",0.0359271267561009,-0.0176784274514147,3.15993315855891,0.00183756282925778,0.999866547971233,-3.34429163392832
"cg03695236",0.0412097030219498,-0.0202777903758801,3.1230727427176,0.00207094154584698,0.999866547971233,-3.45485007533477
"cg04017131",0.0438691716518277,-0.0215864177969311,3.07704474370545,0.00240080233031171,0.999866547971233,-3.5912615183022
"cg03046886",0.0351757843032773,-0.0173087192603428,3.07341425763924,0.00242878161392836,0.999866547971233,-3.60194314493629
"cg25350011",0.0418515889665947,-0.0205936390153085,3.02504729403036,0.00283136976245011,0.999866547971233,-3.7431583342324
"cg19689427",-0.0394638314576004,0.019418710717232,-2.98874486733857,0.00317294143848634,0.999866547971233,-3.84781296819606
"cg12944343",0.0441469821389648,-0.0217231181953636,2.9786267410317,0.00327467418503952,0.999866547971233,-3.87677726926971
"cg17516572",0.0395867093794263,-0.0194791744565431,2.8634764117442,0.00466293824187163,0.999866547971233,-4.20008745739717
"cg16127683",0.0364730407325597,-0.0179470517890372,2.84187019892103,0.00497677763780347,0.999866547971233,-4.25945111944634
"cg02754929",-0.0414886639347564,0.0204150568567849,-2.82927637184123,0.0051684731850181,0.999866547971233,-4.29386256980762
"cg21358336",0.0836472260382057,-0.0411597461457836,2.72351305932285,0.00706363388232668,0.999866547971233,-4.57729338894511
"cg09455823",0.0422069899052238,-0.020768518842253,2.70758083145525,0.00739820895240579,0.999866547971233,-4.61912536344397
"cg01952953",-0.0355980663904322,0.0175165088587841,-2.70269583411143,0.00750362645809823,0.999866547971233,-4.63190602103868
"cg01911613",-0.047768983319776,0.0235053727446517,-2.66862503027592,0.00827742030954798,0.999866547971233,-4.72045111211464
"cg14341177",0.0913946778821525,-0.04497198435471,2.61942380093763,0.00952202945435153,0.999866547971233,-4.84647791694247
