"X","logFC","AveExpr","t","P.Value","adj.P.Val","B"
"cg26113488",0.133373568517425,0.0666867842587126,5.86033235677235,2.94197851198945e-06,0.128216783889561,3.65316772252025
"cg16849860",0.0530179488663563,0.0265089744331782,5.83341290131843,3.16058558072267e-06,0.128216783889561,3.58099762728802
"cg03795071",0.0590233191543502,0.0295116595771752,5.71797063396928,4.30042185048744e-06,0.13374311955016,3.27108794707984
"cg11754420",0.0584546450859716,0.0292273225429858,5.17083381417989,1.8698866545982e-05,0.38116748684393,1.79638159003899
"cg20945232",0.0696531845132248,0.0348265922566124,5.09341992202583,2.30426863183232e-05,0.38116748684393,1.58745870562989
"cg00055341",0.0493271481022475,0.0246635740511238,5.0462604897994,2.61711738816274e-05,0.38116748684393,1.46021741760863
"cg01940055",0.0550755704281188,0.0275377852140594,5.04495953750526,2.62632627591132e-05,0.38116748684393,1.45670778657794
"cg16063716",0.0479184705704299,0.0239592352852149,4.82879150970884,4.70880236304392e-05,0.513412955690805,0.874133457167453
"cg10576725",-0.0396659322338001,-0.0198329661169,-4.74622187322919,5.88513363137628e-05,0.513412955690805,0.652062978419892
"cg14508358",-0.0898808455415736,-0.0449404227707868,-4.74287262092204,5.93859815984678e-05,0.513412955690805,0.643062275043965
"cg13527921",0.116155315267441,0.0580776576337205,4.71896603379459,6.33456198954142e-05,0.513412955690805,0.578833840732052
"cg09115620",0.0499699021717804,0.0249849510858902,4.67759777144451,7.08294871243659e-05,0.513412955690805,0.467769012127677
"cg26254045",-0.0739821340956214,-0.0369910670478107,-4.65357790039987,7.55729204067121e-05,0.513412955690805,0.403328657910521
"cg00885843",0.0618125307451952,0.0309062653725976,4.60606734717352,8.59075607556261e-05,0.513412955690805,0.275979679057844
"cg01191660",-0.0480805490071389,-0.0240402745035694,-4.58743248381333,9.03351915041179e-05,0.513412955690805,0.226073291564767
"cg08352422",0.0535954901130252,0.0267977450565126,4.5864402872984,9.05772059606272e-05,0.513412955690805,0.223416782995468
"cg16009988",0.0730695841911158,0.036534792095558,4.57896433833766,9.24215979398652e-05,0.513412955690805,0.203403019862014
"cg03502215",-0.0514953597190655,-0.0257476798595328,-4.5743659327642,9.35745917421784e-05,0.513412955690805,0.191094771914294
"cg01748573",-0.0419143431653327,-0.0209571715826663,-4.56799409143806,9.51959533385292e-05,0.513412955690805,0.174042337429526
"cg25165908",0.0350838405741036,0.0175419202870518,4.53713681990781,0.000103452087537805,0.513412955690805,0.0915062717626292
"cg21400170",0.0556059623718409,0.0278029811859205,4.53580198816366,0.000103824879456546,0.513412955690805,0.0879376171967845
"cg01494075",0.0542642162297352,0.0271321081148676,4.52834150450575,0.000105933182876404,0.513412955690805,0.0679947910546481
"cg07860833",0.0420052277206325,0.0210026138603163,4.47939202368449,0.000120862166443265,0.513412955690805,-0.0627369870626362
"cg03552103",-0.0401074927734148,-0.0200537463867075,-4.47604311964609,0.000121956819478967,0.513412955690805,-0.071673429603619
"cg18317154",0.0380773663059828,0.0190386831529914,4.43794976134198,0.000135123460667679,0.513412955690805,-0.173251962097143
"cg08616585",-0.0466745208550059,-0.023337260427503,-4.43365423598374,0.000136694036567162,0.513412955690805,-0.184697719121847
"cg10492836",-0.0459204351257496,-0.0229602175628748,-4.40720255846483,0.000146772963803409,0.513412955690805,-0.255140633402897
"cg14211598",0.0391987762461529,0.0195993881230765,4.39049366150622,0.000153516208106382,0.513412955690805,-0.299601760883541
"cg09464061",-0.0717852673551499,-0.0358926336775749,-4.36830235787877,0.000162949374855338,0.513412955690805,-0.35860664187023
"cg17627921",0.0391563574086652,0.0195781787043325,4.36100802824824,0.000166173913720188,0.513412955690805,-0.377990325704746
"cg13799544",0.0632094206405447,0.0316047103202723,4.34174028469643,0.000174998936269067,0.513412955690805,-0.429164067780304
"cg24332389",0.0429623075026689,0.0214811537513345,4.30361317790121,0.000193853696033035,0.513412955690805,-0.530304973622212
"cg07872789",0.0372294334379763,0.0186147167189881,4.29704495004518,0.000197299232921402,0.513412955690805,-0.547711849411064
"cg21241814",-0.0679053740649157,-0.0339526870324579,-4.27172687024343,0.000211157349067598,0.513412955690805,-0.614761026236949
"cg20434856",0.0662633121762809,0.0331316560881405,4.26307549556177,0.000216110300359518,0.513412955690805,-0.637654478259036
"cg11335411",0.0483416867332761,0.024170843366638,4.25533123141135,0.000220641366982248,0.513412955690805,-0.658139703987169
"cg13801161",0.0382823018447909,0.0191411509223954,4.25466769073316,0.000221033940988031,0.513412955690805,-0.659894564403457
"cg22748407",-0.0430088524944831,-0.0215044262472415,-4.25393975033918,0.00022146541130812,0.513412955690805,-0.661819679166517
"cg04030486",0.0830787470014236,0.0415393735007118,4.21064812195352,0.000248681250770298,0.513412955690805,-0.776187996981515
"cg23532924",0.0378596484241286,0.0189298242120643,4.20155974212451,0.000254801730476621,0.515646396156471,-0.800166872589404
"cg18401406",0.0350438904364878,0.0175219452182439,4.19452412499823,0.000259641849537398,0.515646396156471,-0.818722164260889
"cg13420364",-0.065312665826803,-0.0326563329134015,-4.16956588771945,0.000277556129984503,0.515646396156471,-0.884491349845709
"cg06469542",-0.0515918491971882,-0.0257959245985941,-4.15423016311436,0.000289163764581527,0.515646396156471,-0.924860896897381
"cg22033936",0.0475509285154358,0.0237754642577179,4.15324808513767,0.000289923224793723,0.515646396156471,-0.927444979393415
"cg10144474",0.0452988783396411,0.0226494391698206,4.15305302244944,0.000290074304932433,0.515646396156471,-0.927958219830046
"cg02367316",0.0906079869111368,0.0453039934555684,4.13791022600169,0.000302043103902834,0.515646396156471,-0.967784749968287
"cg22587600",0.0878853012022705,0.0439426506011352,4.12264092831254,0.000314605376672207,0.515646396156471,-1.00791051697799
"cg26717041",0.0354591907319323,0.0177295953659661,4.12137437702169,0.000315670256121966,0.515646396156471,-1.01123732357577
"cg13165085",0.0818993878162726,0.0409496939081363,4.10987213967361,0.00032550528336451,0.515646396156471,-1.04143901417959
"cg01652244",-0.0766910044271645,-0.0383455022135822,-4.10728290179609,0.000327760573396993,0.515646396156471,-1.04823492680282
"cg05132077",0.0754347619721824,0.0377173809860912,4.10243847357282,0.000332021673223232,0.515646396156471,-1.06094729139984
"cg00424967",0.0487514171874723,0.0243757085937362,4.0926200454633,0.000340826158068794,0.515646396156471,-1.08670119027213
"cg13484596",-0.0509784423824368,-0.0254892211912183,-4.09153128321902,0.000341816556897819,0.515646396156471,-1.08955613178274
"cg06796866",0.0551658415605212,0.0275829207802606,4.08689399123302,0.000346066783685195,0.515646396156471,-1.10171396849857
"cg17967813",0.039710023531756,0.019855011765878,4.08274943005718,0.000349909486622465,0.515646396156471,-1.1125772013819
"cg05702280",-0.0894379343718631,-0.0447189671859316,-4.05357642444661,0.000378173960922619,0.518117509606246,-1.18896656138745
"cg16345366",0.0651044866520386,0.0325522433260194,4.02933424959638,0.000403363485873785,0.519013579037217,-1.25234180587391
"cg18506672",-0.0492906716240685,-0.0246453358120343,-4.00728857702109,0.000427701231784533,0.520634350736735,-1.30989153581239
"cg00334056",0.0368339654746208,0.0184169827373104,4.00657260820355,0.000428515413655523,0.520634350736735,-1.31175920276848
"cg19417168",0.0532103573272312,0.0266051786636155,4.00312196838076,0.000432460840587555,0.520634350736735,-1.32075929142882
"cg22524980",0.043787421255595,0.0218937106277974,4.0019097056343,0.000433855399796573,0.520634350736735,-1.32392068584503
"cg06145435",0.096535831992102,0.048267915996051,3.97654831277603,0.000464066631177281,0.533272628303328,-1.3900020482643
"cg17562433",0.0825597968715235,0.0412798984357617,3.97065095492223,0.000471383055935279,0.537277964801624,-1.40535229660161
"cg24376337",-0.0458536425412487,-0.0229268212706243,-3.96504305158388,0.000478445560614507,0.540740604358409,-1.41994350497742
"cg00592643",0.0446889903286166,0.0223444951643083,3.96078113547315,0.000483882447712651,0.542995921995073,-1.43102890477343
"cg26398848",0.0723667140210232,0.0361833570105116,3.94501259147555,0.000504531543832191,0.546013317408605,-1.4720155557435
"cg12461141",-0.0428793203003492,-0.0214396601501747,-3.93349092629795,0.000520164584157982,0.546013317408605,-1.50193534254383
"cg12614789",-0.0425335719158198,-0.0212667859579099,-3.92540342776196,0.000531421367669733,0.546013317408605,-1.52292284230136
"cg02613435",-0.0423891843092748,-0.0211945921546374,-3.91240713576911,0.000550013811363114,0.546748889195205,-1.55662386025241
"cg27209722",-0.0352382654990784,-0.0176191327495391,-3.88882701613817,0.000585392344820414,0.562395882213011,-1.61768994491296
"cg12622680",-0.0490607788880361,-0.024530389444018,-3.87548473022274,0.000606390324582929,0.562395882213011,-1.65219627723182
"cg24119225",-0.0635410374465674,-0.0317705187232837,-3.86573299347403,0.000622203306898158,0.567383926744373,-1.67739497406996
"cg20699549",0.0788842657083608,0.0394421328541803,3.86407294129387,0.000624935174281777,0.567383926744373,-1.68168275076377
"cg03514381",-0.0599597500991292,-0.0299798750495646,-3.85835623061153,0.000634433217674591,0.567383926744373,-1.69644443354232
"cg00156551",0.0513315306637182,0.0256657653318591,3.852633903099,0.000644082351563625,0.567383926744373,-1.71121421985184
"cg11246233",0.0380504413300688,0.0190252206650344,3.80561049286808,0.000729017238980335,0.567383926744373,-1.83233816536335
"cg12595742",0.0626475097263488,0.0313237548631744,3.79853564130823,0.000742711343176667,0.567383926744373,-1.85052281944217
"cg02770061",-0.119685427360206,-0.0598427136801029,-3.78134435960639,0.000777045119729511,0.568378361435403,-1.89466657650831
"cg20606062",-0.0520191489921593,-0.0260095744960797,-3.77353819051844,0.000793143693987292,0.568378361435403,-1.91469074477273
"cg18515868",-0.0720245339015047,-0.0360122669507524,-3.77077744286514,0.000798914922366713,0.568378361435403,-1.92176944533547
"cg20219894",-0.0414685403806228,-0.0207342701903114,-3.75824483295637,0.00082563466038151,0.575106454434328,-1.95388324090409
"cg10893278",-0.0418393258298405,-0.0209196629149202,-3.74093027961805,0.00086399245973764,0.581473206443142,-1.99819462121344
"cg24291974",0.0350964322836381,0.017548216141819,3.73891781639898,0.00086856225731384,0.581473206443142,-2.00334067582663
"cg17406023",-0.0427464258905578,-0.021373212945279,-3.72941094461965,0.000890471425767447,0.581473206443142,-2.02763858532141
"cg09031938",-0.0415252674546616,-0.0207626337273307,-3.72758252737919,0.000894746635233194,0.581473206443142,-2.03230941328516
"cg11770816",-0.0544244696896125,-0.0272122348448062,-3.72575302098346,0.000899044469022596,0.581473206443142,-2.03698228170475
"cg19705386",-0.0364102822303247,-0.0182051411151624,-3.71535086690284,0.000923867150454929,0.581484123989228,-2.06353697447854
"cg03292544",0.0511322088384065,0.0255661044192033,3.71278709042482,0.000930087227421652,0.581484123989228,-2.07007808333893
"cg24870483",-0.0497949085154948,-0.0248974542577474,-3.6908351118443,0.000985047539937945,0.581484123989228,-2.12602457738495
"cg23050361",-0.0388644542436233,-0.0194322271218116,-3.69007406911764,0.000987008739139162,0.581484123989228,-2.12796219066215
"cg04564980",-0.0518549810591728,-0.0259274905295864,-3.68973895668175,0.00098787352889444,0.581484123989228,-2.12881534412138
"cg09704415",-0.0419240601267829,-0.0209620300633914,-3.68629462848895,0.000996804934226285,0.581484123989228,-2.13758266836454
"cg10994870",-0.0532793324434386,-0.0266396662217194,-3.6852391227618,0.000999557687248227,0.581484123989228,-2.14026884645752
"cg12615235",-0.048733438295257,-0.0243667191476285,-3.68376481274415,0.00100341510533821,0.581484123989228,-2.14402041829229
"cg08012219",-0.0748312339898595,-0.0374156169949297,-3.68268728702157,0.00100624355583478,0.581484123989228,-2.146762004108
"cg00593900",0.0586285887450489,0.0293142943725245,3.67714329701387,0.00102091972877239,0.581484123989228,-2.16086352310986
"cg20668221",0.0805467739984985,0.0402733869992493,3.67142442787992,0.00103627770687176,0.581484123989228,-2.17540238184911
"cg07151966",0.0423770155270984,0.0211885077635492,3.67139355239866,0.00103636123154718,0.581484123989228,-2.17548085470658
"cg11757417",0.0527908817430234,0.0263954408715117,3.66530738371129,0.0010529545170698,0.581797457781965,-2.19094505672302
"cg21237861",-0.0932206518177987,-0.0466103259088994,-3.66395456007248,0.00105667790762253,0.582376659466901,-2.19438123527409
"cg04773333",0.0380872032860192,0.0190436016430096,3.66148065298663,0.00106352011936709,0.583194785859485,-2.20066385876744
"cg06328165",0.0484330461126492,0.0242165230563246,3.64480572977995,0.00111077933342639,0.591238779674631,-2.2429729965409
"cg03184290",0.0438971649648345,0.0219485824824173,3.63844719412212,0.00112933452049299,0.592424397858611,-2.25908900743321
"cg27300957",-0.0495134497275393,-0.0247567248637696,-3.632139237941,0.00114804055149202,0.597507519837524,-2.27506722174218
"cg25786696",0.0432571023129776,0.0216285511564888,3.62829228899671,0.00115959644117878,0.597914455721399,-2.28480692497323
"cg05420738",-0.0407176622675273,-0.0203588311337636,-3.61747596276866,0.00119269849189772,0.600216921364658,-2.31217242580021
"cg02750262",0.086963071092413,0.0434815355462065,3.61596328999132,0.00119740061312861,0.600216921364658,-2.31599723885362
"cg16799831",0.071074918167352,0.035537459083676,3.61539558852539,0.00119916996160447,0.600216921364658,-2.31743253479141
"cg05939926",-0.0390922492102631,-0.0195461246051315,-3.61238054596893,0.00120860967829046,0.600216921364658,-2.3250540156845
"cg17985854",-0.0594833405948944,-0.0297416702974473,-3.6078864569678,0.00122281459586502,0.600216921364658,-2.33641010727458
"cg25195497",-0.0524030006113702,-0.0262015003056852,-3.59962120837462,0.00124936511064859,0.603973919692552,-2.35728249367284
"cg21709871",0.043747596719981,0.0218737983599905,3.59355082575973,0.00126922173999794,0.604807684683464,-2.37260133329185
"cg13732465",-0.0374987774911467,-0.0187493887455734,-3.59221277885252,0.00127363973153404,0.604807684683464,-2.37597670811613
"cg05000039",-0.0646388740379121,-0.0323194370189561,-3.59024167167753,0.00128017525815788,0.604807684683464,-2.38094823296349
"cg23026543",-0.0398710322822308,-0.0199355161411154,-3.5901742475348,0.00128039939036299,0.604807684683464,-2.38111827286392
"cg07582955",0.0410959794989402,0.0205479897494701,3.58697449891381,0.00129108006980287,0.604807684683464,-2.38918654778045
"cg11463505",-0.0398806446997786,-0.0199403223498893,-3.58334108894138,0.00130331346211762,0.606263548510695,-2.39834519399343
"cg10473311",-0.0641252196851989,-0.0320626098425994,-3.58074373488207,0.00131212761246479,0.606475968648802,-2.40489024023835
"cg14687298",0.128368174441647,0.0641840872208233,3.57862605739171,0.0013193568801939,0.60820077232012,-2.41022529295411
"cg10658779",0.0398137784235083,0.0199068892117541,3.57801596275207,0.00132144678597803,0.60820077232012,-2.41176209031121
"cg03753683",0.0704046803582892,0.0352023401791446,3.57558781782043,0.00132979647207635,0.610752514706796,-2.41787752909133
"cg16737517",0.107216588399243,0.0536082941996218,3.57303433775955,0.00133863252368268,0.613516421906776,-2.42430701806887
"cg25556225",0.0570058984033433,0.0285029492016717,3.5617316066244,0.00137843524553477,0.614391219432511,-2.45274655738955
"cg03865524",-0.0514617099749005,-0.0257308549874503,-3.55048130119868,0.00141919543959558,0.614391219432511,-2.48102160293998
"cg23954908",0.0364407621647795,0.0182203810823897,3.54736606689705,0.0014306876672003,0.614391219432511,-2.4888452366329
"cg18329931",-0.0378776369465814,-0.0189388184732907,-3.54119849310586,0.00145370755935823,0.614391219432511,-2.50432710089545
"cg20271330",-0.0485766004798519,-0.0242883002399259,-3.53686928961175,0.00147008053102396,0.614391219432511,-2.51518834729332
"cg13285105",0.0499436690837721,0.024971834541886,3.52756236517882,0.0015058881660827,0.620893662417051,-2.53852119557895
"cg07936856",-0.0477178263973067,-0.0238589131986534,-3.52193194175663,0.0015279606427149,0.622915790110552,-2.55262579804288
"cg26424556",-0.0400834021082095,-0.0200417010541047,-3.51449349098451,0.00155760331285647,0.623870277809555,-2.57124671972655
"cg02167837",0.0545164654005581,0.0272582327002791,3.50785977151008,0.00158450962348547,0.623870277809555,-2.587840660694
"cg09257735",0.0582877321944644,0.0291438660972322,3.5071008059089,0.00158761660039731,0.623870277809555,-2.58973842528941
"cg13257412",0.0502551206479186,0.0251275603239593,3.49836262135596,0.00162381688862958,0.631258815454747,-2.61157674222855
"cg06911873",0.0581985987808123,0.0290992993904062,3.4874060972562,0.00167034058187001,0.636835629900352,-2.6389298575693
"cg10883069",-0.0633772200420585,-0.0316886100210292,-3.47999440659693,0.0017025428163963,0.636903345238729,-2.65741466375458
"cg07546943",-0.069389123453848,-0.034694561726924,-3.47957014179252,0.00170440426850331,0.636903345238729,-2.6584723268917
"cg14125353",0.0477992532980126,0.0238996266490063,3.4718636347659,0.00173856199107499,0.638796759929954,-2.67767548829972
"cg25755428",-0.25701492857818,-0.12850746428909,-3.46416951480338,0.00177332665158042,0.644199753971344,-2.69683138663451
"cg17206772",-0.0519103848034034,-0.0259551924017018,-3.46134152985324,0.0017862730773516,0.644199753971344,-2.70386802688531
"cg21790587",-0.120043960400087,-0.0600219802000432,-3.4584572068161,0.00179957178277949,0.644199753971344,-2.71104254901383
"cg05126388",-0.121329650865591,-0.0606648254327957,-3.45439996240218,0.00181844101953259,0.644199753971344,-2.72113067790216
"cg24074033",-0.0431936868360188,-0.0215968434180094,-3.45379739049926,0.00182125973611235,0.644199753971344,-2.72262854813053
"cg14667685",0.115375950567398,0.0576879752836992,3.45158175634748,0.00183166050579911,0.644199753971344,-2.72813528328266
"cg08330224",-0.0370854519168261,-0.0185427259584131,-3.45038946294135,0.00183728124286138,0.644199753971344,-2.7310980368409
"cg22284043",0.0540041946564069,0.0270020973282034,3.44495534619192,0.00186311126431119,0.648038433060839,-2.74459630551591
"cg22509179",0.0687015525314213,0.0343507762657106,3.44377681120175,0.001868759452412,0.648038433060839,-2.74752266879144
"cg12078157",0.113891920068405,0.0569459600342024,3.44263834765244,0.00187423134694917,0.648038433060839,-2.75034915921788
"cg09862219",0.0434983258807144,0.0217491629403572,3.43664703477188,0.00190328465725916,0.650858613940986,-2.76521787352007
"cg10912634",-0.0472979738565012,-0.0236489869282505,-3.43371387903621,0.00191766682666007,0.650858613940986,-2.77249339825721
"cg21493583",0.0470296392441592,0.0235148196220796,3.43136417833045,0.00192926401445912,0.650858613940986,-2.77831992514207
"cg20313856",-0.082951078019055,-0.0414755390095275,-3.43078598614775,0.00193212813726214,0.650858613940986,-2.77975341999587
"cg19268720",-0.0551906104019381,-0.027595305200969,-3.42903498123908,0.00194082702384309,0.650858613940986,-2.78409405136963
"cg25428297",0.0474687136200697,0.0237343568100348,3.42533566033861,0.00195932989870411,0.651271679493317,-2.79326154646177
"cg11959694",0.0707113181655078,0.0353556590827539,3.4247509797363,0.00196226987956479,0.651271679493317,-2.79471011680088
"cg05459233",0.0597456372601199,0.0298728186300599,3.42233184573159,0.00197447959976109,0.651271679493317,-2.80070257630859
"cg09780231",0.0500139852983928,0.0250069926491964,3.41772620208554,0.00199792856909758,0.651968872632936,-2.81210659768409
"cg02369725",0.0352954360904377,0.0176477180452189,3.41751460160448,0.00199901235423338,0.651968872632936,-2.81263039389326
"cg14181528",0.0494294190142342,0.0247147095071172,3.41226039242336,0.0020261068278729,0.651968872632936,-2.82563251581739
"cg14191654",-0.0601514081402186,-0.0300757040701093,-3.41217850571177,0.00202653189447812,0.651968872632936,-2.82583509020476
"cg27565517",-0.0628821708465577,-0.0314410854232789,-3.40918697154028,0.00204211998387305,0.651968872632936,-2.83323432279674
"cg15671083",0.0407212839981885,0.0203606419990942,3.40869366245677,0.00204470160575057,0.651968872632936,-2.83445421888137
"cg12187687",-0.0545052084991055,-0.0272526042495527,-3.4047800295334,0.00206529492924927,0.651968872632936,-2.84412966582626
"cg17400381",-0.0653017936675011,-0.0326508968337506,-3.39972442538957,0.00209219445670408,0.651968872632936,-2.85662171869084
"cg01965477",0.0378836117492606,0.0189418058746303,3.39496320753386,0.00211783731452694,0.651968872632936,-2.86837951162113
"cg17683110",-0.0363655973617852,-0.0181827986808926,-3.39011723187291,0.0021442486944802,0.651968872632936,-2.88033976250921
"cg00004105",0.0393627379974424,0.0196813689987212,3.38648073354505,0.00216427712265518,0.651968872632936,-2.88931037290252
"cg24843217",0.0442414850669085,0.0221207425334542,3.3846683762469,0.00217432630684727,0.651968872632936,-2.89377968176346
"cg24366131",-0.0354877823565393,-0.0177438911782696,-3.38185486524366,0.00219001613444043,0.651968872632936,-2.90071592428342
"cg15392844",-0.0402452245159777,-0.0201226122579889,-3.37963401360082,0.0022024781779945,0.651968872632936,-2.90618940200049
"cg24071719",-0.0499500735660652,-0.0249750367830326,-3.37918771570593,0.00220499078408362,0.651968872632936,-2.90728916392351
"cg09628704",-0.0638895045823071,-0.0319447522911536,-3.37848799646301,0.00220893570169189,0.651968872632936,-2.90901328422485
"cg25214093",-0.042950834198594,-0.021475417099297,-3.36868009197645,0.00226495437219272,0.651968872632936,-2.93316473247747
"cg06685737",0.0469536449640246,0.0234768224820123,3.36811853805692,0.00226820294658974,0.651968872632936,-2.93454665691638
"cg25478299",0.0418027500998768,0.0209013750499383,3.3672389146892,0.00227330059534342,0.651968872632936,-2.93671112591718
"cg00458878",-0.0437800852528044,-0.0218900426264022,-3.36613940070823,0.0022796881358001,0.651968872632936,-2.9394163474678
"cg26241877",0.0366116559807297,0.0183058279903648,3.35871021180251,0.00232330406169472,0.651968872632936,-2.95768541973554
"cg26867545",-0.0694698361631175,-0.0347349180815588,-3.35365700059999,0.00235343031783401,0.651968872632936,-2.97010219854552
"cg23376870",0.041002739100059,0.0205013695500295,3.34870576645674,0.00238331433327984,0.651968872632936,-2.98226087209339
"cg00756062",0.0378268508893885,0.0189134254446943,3.34524879879608,0.0024043963199577,0.651968872632936,-2.99074566526691
"cg12811157",0.0489930070708963,0.0244965035354482,3.34518724145399,0.00240477334820655,0.651968872632936,-2.99089671872029
"cg14893274",0.0410079345910552,0.0205039672955276,3.34129341900209,0.00242873868915257,0.651968872632936,-3.00044927836739
"cg03568859",-0.0469463767091895,-0.0234731883545948,-3.34075137729421,0.00243209302396591,0.651968872632936,-3.00177867918705
"cg10262710",0.085138866646648,0.042569433323324,3.3402582504468,0.00243514854167858,0.651968872632936,-3.00298803404424
"cg05036635",0.0452480967578208,0.0226240483789103,3.33227858839822,0.00248511030020869,0.651968872632936,-3.02254712877853
"cg06850241",0.0375001136605155,0.0187500568302577,3.33146849032485,0.00249023739494234,0.651968872632936,-3.02453167703139
"cg27145034",0.0361610389777684,0.0180805194888842,3.3217278895108,0.0025526901833405,0.651968872632936,-3.04837791993946
"cg15192736",0.0684381434261843,0.0342190717130922,3.31570561419173,0.00259205551029155,0.651968872632936,-3.0631064567227
"cg00719651",-0.0397149970218514,-0.0198574985109257,-3.31523710139699,0.00259514242535587,0.651968872632936,-3.06425181240465
"cg14644378",-0.0879789261748681,-0.043989463087434,-3.31520157934147,0.00259537661593593,0.651968872632936,-3.06433864904202
"cg16724481",0.0541763770094172,0.0270881885047086,3.3144568889587,0.00260029092163406,0.651968872632936,-3.06615901606734
"cg26783079",0.0363158209636573,0.0181579104818287,3.31226625444556,0.00261479927219352,0.651968872632936,-3.07151293080916
"cg02233750",0.0519662699812682,0.025983134990634,3.30932887781669,0.00263437576766222,0.651968872632936,-3.07868952188454
"cg00056497",0.0798366552869052,0.0399183276434525,3.30878019941646,0.00263804812984325,0.651968872632936,-3.08002975109215
"cg15679892",-0.105866660792955,-0.0529333303964773,-3.3043821017254,0.0026676639290322,0.651968872632936,-3.09076933935088
"cg00548708",0.0413063431291158,0.0206531715645579,3.30329496580454,0.00267503371265764,0.651968872632936,-3.09342304528088
"cg04243827",0.0605418640322647,0.0302709320161323,3.30192197237354,0.00268436939558214,0.651968872632936,-3.0967739979041
"cg04494562",0.0585436045188534,0.0292718022594266,3.29922310714562,0.00270281197438758,0.651968872632936,-3.10335915968813
"cg06753163",-0.0385785462431428,-0.0192892731215714,-3.29833174025819,0.00270892987354778,0.651968872632936,-3.10553356536101
"cg08503681",0.0419174271721274,0.0209587135860637,3.2907003067441,0.00276185729450613,0.651968872632936,-3.12413940399446
"cg19989581",0.0465796518859161,0.0232898259429581,3.29058973775737,0.00276263141463514,0.651968872632936,-3.12440884084226
"cg07341934",-0.0429931195928674,-0.0214965597964337,-3.28062613723033,0.00283325368863368,0.651968872632936,-3.14867231341899
"cg03315557",-0.0543957978065032,-0.0271978989032516,-3.28030154856604,0.00283558338146405,0.651968872632936,-3.14946222036945
"cg14162417",-0.0481262961659757,-0.0240631480829879,-3.27839879909479,0.00284927726711945,0.651968872632936,-3.1540919999336
"cg03228449",0.0507984732207364,0.0253992366103682,3.26756848804056,0.00292844288306472,0.651968872632936,-3.1804221337402
"cg10059924",0.0367506145935316,0.0183753072967657,3.25879568148297,0.00299411695864349,0.651968872632936,-3.20172228645891
"cg06346388",-0.0473935212208177,-0.0236967606104089,-3.25745918805004,0.00300424566413939,0.651968872632936,-3.20496505746023
"cg09010372",-0.0433237707619882,-0.0216618853809941,-3.25519615469458,0.00302147143425081,0.651968872632936,-3.21045458669702
"cg02931604",-0.0811026010717807,-0.0405513005358903,-3.25310434209459,0.00303747839046433,0.651968872632936,-3.21552728820608
"cg15030465",0.0534672819318821,0.0267336409659411,3.25205102612344,0.00304556942046782,0.651968872632936,-3.21808106474213
"cg26870936",-0.0369310429937089,-0.0184655214968544,-3.24766727795098,0.00307946636337708,0.651968872632936,-3.22870559896819
"cg20120512",-0.0575178315567602,-0.0287589157783801,-3.2447074902188,0.0031025575559966,0.651968872632936,-3.23587542028514
"cg04015962",0.0586704738554527,0.0293352369277264,3.24295565864894,0.00311630306352419,0.651968872632936,-3.24011771483603
"cg03812107",-0.0377259704056019,-0.018862985202801,-3.24259558434356,0.00311913558404221,0.651968872632936,-3.24098955741041
"cg04113075",-0.0555705491650418,-0.0277852745825209,-3.24214603418132,0.00312267544057164,0.651968872632936,-3.24207798642752
"cg13239848",-0.0596544845329423,-0.0298272422664711,-3.23739027792731,0.00316036067846467,0.652017553052818,-3.25358829769589
"cg22382021",0.0671459067495981,0.0335729533747991,3.23575395286614,0.00317342795175581,0.652017553052818,-3.25754694654208
"cg01354879",-0.0402183267101405,-0.0201091633550703,-3.23139166978666,0.00320851833166396,0.652452636445532,-3.26809597138451
"cg22705386",-0.0494978285685848,-0.0247489142842924,-3.22901320152525,0.00322780763257532,0.653833839921468,-3.27384499732968
"cg13455704",-0.0615496698640291,-0.0307748349320145,-3.22601570177278,0.00325227603842486,0.655911065086953,-3.28108760337861
"cg15555527",-0.0438318680854211,-0.0219159340427106,-3.22471120106131,0.0032629801750877,0.655911065086953,-3.28423862060303
"cg01247987",0.0549246042488253,0.0274623021244127,3.22204322807029,0.00328497786109283,0.658507992964926,-3.29068132639233
"cg20272155",0.0381802189259448,0.0190901094629724,3.21589851489487,0.00333618489513701,0.661267107777543,-3.3055106868714
"cg16793370",0.0545455935915586,0.0272727967957793,3.21562399492921,0.00333849041289891,0.661267107777543,-3.30617290400002
"cg23600866",-0.0661623064857288,-0.0330811532428644,-3.21500884252589,0.00334366224332491,0.661267107777543,-3.3076567273902
"cg05708536",-0.0683640705271635,-0.0341820352635818,-3.21482446402158,0.00334521388505255,0.661267107777543,-3.30810144621728
"cg19375981",0.0452352993681676,0.0226176496840838,3.21429978652062,0.00334963310652154,0.661267107777543,-3.3093668995876
"cg01881182",0.0717423259519925,0.0358711629759963,3.21242421942841,0.00336547641402635,0.662445040988731,-3.31388976224339
"cg12378817",-0.0466498164918898,-0.0233249082459449,-3.21124310983551,0.00337549040065461,0.663801631682614,-3.31673735608377
"cg27327647",-0.0464269273534861,-0.0232134636767431,-3.20977909035225,0.00338794275031299,0.663801631682614,-3.32026637647069
"cg07049421",-0.0397514980067141,-0.0198757490033571,-3.20330992417469,0.0034434969243383,0.665538486174404,-3.33585161496946
"cg11568697",0.057119080165946,0.028559540082973,3.20168546280715,0.00345758383007722,0.666096367119112,-3.3397629657016
"cg02996801",-0.0412996993671132,-0.0206498496835566,-3.19710975718225,0.00349756116737869,0.666817519069853,-3.35077544153483
"cg04911819",0.0405606109490056,0.0202803054745028,3.19702676249077,0.00349829036189967,0.666817519069853,-3.35097512118667
"cg13023014",0.0366321203051201,0.01831606015256,3.19683988551702,0.00349993280435135,0.666817519069853,-3.35142472601938
"cg03720390",0.0625001836787877,0.0312500918393939,3.19648234007164,0.00350307729739316,0.666817519069853,-3.35228490662305
"cg27631599",0.0630741145164168,0.0315370572582085,3.19510657767276,0.00351520197852696,0.667268757477046,-3.35559429981645
"cg02646225",0.0407608993744935,0.0203804496872468,3.19387097654895,0.00352612573217893,0.667268757477046,-3.35856598374046
"cg04772328",0.047305158720466,0.023652579360233,3.19271550795895,0.00353637051969463,0.667268757477046,-3.36134447203602
"cg15242449",-0.0602087647147824,-0.0301043823573912,-3.19185001499334,0.00354406298739921,0.6680021752007,-3.36342537321512
"cg23525438",-0.0819481049477932,-0.0409740524738966,-3.18695253553964,0.00358789500463357,0.669527758524023,-3.37519552132929
"cg23374863",0.0461104823753247,0.0230552411876623,3.18596723251008,0.00359677601076662,0.669527758524023,-3.37756251137514
"cg25807487",0.0509026856034482,0.0254513428017241,3.18522944563939,0.00360343984057422,0.669527758524023,-3.37933467543841
"cg15135773",0.0493923779189195,0.0246961889594597,3.18482124381773,0.00360713188421438,0.669527758524023,-3.38031509567013
"cg07029084",0.0386625128695239,0.0193312564347619,3.18427336243449,0.00361209298560065,0.669527758524023,-3.3816309084214
"cg04103021",-0.0566432859430388,-0.0283216429715194,-3.18233656989635,0.00362968329005832,0.669527758524023,-3.38628155350795
"cg00609961",0.038138827281335,0.0190694136406675,3.18113090769863,0.00364067480141619,0.669527758524023,-3.38917594768262
"cg14028143",-0.0382410647782807,-0.0191205323891403,-3.17930572237738,0.0036573750141148,0.669527758524023,-3.39355665547366
"cg04080041",-0.0553300687588803,-0.0276650343794401,-3.17846294660606,0.00366511107840175,0.669527758524023,-3.39557905005142
"cg02299020",-0.0464704221355792,-0.0232352110677896,-3.17764002678703,0.00367268002189933,0.669527758524023,-3.39755355946955
"cg07825495",-0.0353646261818935,-0.0176823130909468,-3.17410356074112,0.00370537823979546,0.671657654290983,-3.40603626641528
"cg13071569",0.0464695689023452,0.0232347844511727,3.15939818088363,0.00384436249041107,0.677093000409896,-3.44126248784807
"cg00478435",-0.0698910234678228,-0.0349455117339114,-3.15465852275268,0.00389021317347662,0.678138390447689,-3.45260004652755
"cg15467834",0.072225535058824,0.036112767529412,3.15085510250465,0.00392738531866485,0.680164489261657,-3.46169234899037
"cg01704698",-0.0636430599405366,-0.0318215299702683,-3.14997353191219,0.00393604966225874,0.680602074244422,-3.46379906770685
"cg03743720",0.0782718455463583,0.0391359227731792,3.14735981715133,0.00396184579765998,0.680916301668879,-3.47004353563048
"cg22795489",0.0403707467786941,0.020185373389347,3.14254875721064,0.00400975264522462,0.680916301668879,-3.48153139456391
"cg02772121",0.0507991871451495,0.0253995935725747,3.13865524068078,0.00404892857178234,0.682238196654036,-3.49082232763438
"cg03140289",-0.0355249893804205,-0.0177624946902102,-3.13193343691463,0.00411742622137486,0.682623851108951,-3.50684957529852
"cg04344730",0.0472099152322837,0.0236049576161419,3.12898912946747,0.00414777789616722,0.684331847778372,-3.51386480070881
"cg01894038",0.0445466316414329,0.0222733158207165,3.12883517059973,0.00414937087307051,0.684331847778372,-3.51423154389085
"cg21212076",-0.0789633562732116,-0.0394816781366058,-3.12837348379882,0.00415415135131377,0.684601626934904,-3.51533127037458
"cg16474696",-0.213092027892,-0.106546013946,-3.12316127004126,0.00420848750301046,0.685754992717218,-3.52774132699721
"cg03259564",0.039840247980999,0.0199201239904995,3.12227959635747,0.0042177457420759,0.685754992717218,-3.52983958846601
"cg09999353",-0.0490999079362295,-0.0245499539681148,-3.12111968520205,0.00422995537000657,0.685754992717218,-3.53259959033423
"cg10741760",-0.0394021328839806,-0.0197010664419903,-3.12087887061784,0.00423249450370691,0.685754992717218,-3.53317254648288
"cg09304587",0.0400179231815685,0.0200089615907842,3.12065371437238,0.00423486985591355,0.685754992717218,-3.53370822875099
"cg19270827",0.0399561651113271,0.0199780825556636,3.12037459823101,0.00423781624449157,0.685754992717218,-3.53437226476738
"cg26455175",-0.0361118889086935,-0.0180559444543468,-3.11958141034991,0.00424619995490496,0.685754992717218,-3.53625915859193
"cg20970886",-0.0546561499895695,-0.0273280749947848,-3.11661407615842,0.00427770453637604,0.686580087061066,-3.5433160584561
"cg19815565",-0.10132520140297,-0.0506626007014849,-3.11583303785952,0.00428603402275093,0.686580087061066,-3.54517299114136
"cg01873977",0.05949932412022,0.0297496620601099,3.11428158833152,0.00430262569947234,0.686580087061066,-3.54886093598841
"cg01893030",0.0464492902931204,0.0232246451465602,3.11354650301064,0.00431050835917812,0.686580087061066,-3.55060800034483
"cg13218688",0.0585218055578284,0.0292609027789142,3.11291737032332,0.00431726580747302,0.686580087061066,-3.55210309350046
"cg18742814",-0.0357777583059749,-0.0178888791529875,-3.10936887169976,0.00435556998837479,0.686795023054898,-3.56053318321235
"cg11322849",0.0363944698587836,0.0181972349293917,3.10548326031857,0.00439788582760432,0.686795023054898,-3.56975889706059
"cg18075315",0.0434517953460723,0.0217258976730361,3.10380021306064,0.00441633662250167,0.686795023054898,-3.57375329632468
"cg07437919",-0.0501381863768649,-0.0250690931884325,-3.09651081484652,0.00449710607703545,0.689684995410049,-3.59104138461242
"cg00951302",0.0461889087225369,0.0230944543612684,3.09447581612568,0.00451990556629112,0.690777352169437,-3.59586426839422
"cg16028169",0.0399387024587658,0.0199693512293829,3.09096373406352,0.00455951387902571,0.692255043207547,-3.60418421742529
"cg04721825",-0.0627379303403537,-0.0313689651701769,-3.08896744473305,0.00458217509077665,0.692255043207547,-3.60891130614211
"cg27139956",-0.0424439701160723,-0.0212219850580361,-3.08028875388574,0.00468194935716365,0.696976219138174,-3.62944481286289
"cg03232390",0.0456465656325968,0.0228232828162984,3.07796684019879,0.00470899296070812,0.696976219138174,-3.63493366043716
"cg01928068",-0.0383848907108277,-0.0191924453554138,-3.0759341764068,0.00473279002555754,0.696976219138174,-3.63973709799066
"cg25689649",0.0464902148515404,0.0232451074257702,3.07353885737635,0.00476098020215946,0.696976219138174,-3.64539556351312
"cg00142378",-0.0356126974207379,-0.0178063487103689,-3.06911453537521,0.00481347145088833,0.696976219138174,-3.65584152594723
"cg01572989",0.0370409555062548,0.0185204777531274,3.06825719243372,0.00482370687366948,0.696976219138174,-3.65786489454923
"cg25178439",0.0562059068252572,0.0281029534126286,3.06381105133978,0.00487712136804559,0.696976219138174,-3.66835358189642
"cg23414861",-0.0758070425319742,-0.0379035212659872,-3.06156286342746,0.00490434477132588,0.696976219138174,-3.67365435974905
"cg22062068",-0.0517972327460238,-0.0258986163730119,-3.06078849623331,0.00491375514378213,0.696976219138174,-3.67547972369968
"cg08966208",0.0450672102556488,0.0225336051278244,3.05947403030533,0.00492976843476161,0.696976219138174,-3.67857771056647
"cg11261667",0.0449892230518174,0.0224946115259087,3.05918379500288,0.00493331088874083,0.696976219138174,-3.67926166143635
"cg02141929",0.042167218217563,0.0210836091087815,3.05706078778931,0.00495929711121259,0.696976219138174,-3.6842636476232
"cg01364826",0.0559513552518897,0.0279756776259449,3.05689160187361,0.00496137360420251,0.696976219138174,-3.68466219110213
"cg18941641",0.0562800381118632,0.0281400190559316,3.05294415955989,0.00501005838287315,0.696976219138174,-3.69395793709186
"cg18449964",0.0691858694430908,0.0345929347215454,3.05152810748118,0.00502763369270493,0.697588180307115,-3.69729113427575
"cg03606954",0.037585817093051,0.0187929085465256,3.04958037821656,0.00505190399174457,0.699173235221102,-3.70187459020606
"cg16279290",0.0359302652596888,0.0179651326298444,3.04861157513144,0.00506401764041952,0.699878621782345,-3.70415387265397
"cg17292337",0.117996358405085,0.0589981792025425,3.04756335040144,0.00507715555213139,0.699878621782345,-3.70661960838434
"cg15212369",0.0376948741563277,0.0188474370781639,3.04525429516304,0.00510621081332964,0.700455005710059,-3.71204972247659
"cg22175303",0.0394286882910068,0.0197143441455034,3.04356887593993,0.00512751876895641,0.702935035265623,-3.7160119789206
"cg05819296",0.0355099312508851,0.0177549656254425,3.04295499825908,0.00513530077381367,0.703152030222449,-3.71745487745893
"cg01039401",-0.0470669547972819,-0.0235334773986409,-3.04058202581807,0.00516548848768079,0.703448776382606,-3.72303112052509
"cg13555287",-0.053736596915512,-0.026868298457756,-3.03853600437288,0.00519165263820789,0.703448776382606,-3.72783734103413
"cg03989758",0.0369259092701878,0.0184629546350939,3.03634955273453,0.00521975218646339,0.703448776382606,-3.73297167584682
"cg04132146",-0.0546365761539568,-0.0273182880769784,-3.03555720368935,0.00522997092869033,0.703448776382606,-3.73483185894037
"cg17424856",0.0448940810661746,0.0224470405330873,3.03510195047298,0.00523585084524089,0.703448776382606,-3.73590053995257
"cg03268007",0.0383911558628352,0.0191955779314176,3.03417472230261,0.00524784613966787,0.703448776382606,-3.73807691034624
"cg19738506",-0.0387777467996295,-0.0193888733998148,-3.03314494033769,0.00526119883654572,0.703448776382606,-3.74049360752496
"cg10599438",-0.110391053216587,-0.0551955266082933,-3.03292721890226,0.00526402607076084,0.703448776382606,-3.74100450526203
"cg00492055",-0.0758188520669861,-0.0379094260334931,-3.03247851598873,0.00526985729520462,0.703448776382606,-3.74205735908031
"cg24120153",-0.0662100108043515,-0.0331050054021758,-3.0324405995054,0.00527035032973948,0.703448776382606,-3.74214632424748
"cg06161600",0.0685829898440351,0.0342914949220176,3.0311575278385,0.00528706026358013,0.703448776382606,-3.74515652905924
"cg24069376",-0.0502849945078786,-0.0251424972539393,-3.02875033877579,0.00531854629443253,0.703621506144177,-3.75080231500203
"cg14377720",0.0624767956904512,0.0312383978452256,3.02762813141988,0.00533328574451675,0.703670488837149,-3.75343356388672
"cg16801954",0.0442044344043963,0.0221022172021981,3.0220117425043,0.00540763987106106,0.705404015648029,-3.76659508243034
"cg19307391",0.0433411430755912,0.0216705715377956,3.02194702317679,0.00540850240274922,0.705404015648029,-3.76674667575661
"cg08871495",-0.113730464735141,-0.0568652323675706,-3.01578871330217,0.00549117791599563,0.706699766814909,-3.7811640061186
"cg06242449",0.0377924562392455,0.0188962281196228,3.01483703431115,0.00550406109784444,0.706699766814909,-3.7833906908008
"cg21929875",0.0381400181189811,0.0190700090594906,3.01430545064912,0.00551126983674732,0.706699766814909,-3.78463430749235
"cg11577716",0.0415988744643742,0.0207994372321871,3.01365227743051,0.00552013974449573,0.706699766814909,-3.78616222768906
"cg25585279",-0.0703344224508113,-0.0351672112254056,-3.01255671215243,0.00553504773390044,0.706699766814909,-3.78872463178741
"cg24871714",0.0388576030176232,0.0194288015088116,3.01245812286606,0.0055363911733994,0.706699766814909,-3.78895519822006
"cg04586418",0.0518502103269729,0.0259251051634863,3.01206961569779,0.00554168823833367,0.706699766814909,-3.78986374615357
"cg15923350",0.0535819951975423,0.0267909975987712,3.00899434395567,0.00558378831239074,0.706699766814909,-3.79705339034866
"cg10146935",0.0991735361612559,0.049586768080628,3.00896950695572,0.00558412956377099,0.706699766814909,-3.79711144153863
"cg26681628",0.0366694796861394,0.0183347398430698,3.00651773330632,0.00561791391461713,0.706699766814909,-3.80284075824187
"cg27107094",0.0396323854297392,0.0198161927148696,3.00586047794515,0.00562700361190293,0.706699766814909,-3.80437623799128
"cg11182018",-0.0593905350273095,-0.0296952675136548,-3.00450437027862,0.00564580253335289,0.706699766814909,-3.80754384420073
"cg27268708",-0.0374534757095501,-0.018726737854775,-3.00070774420114,0.00569875131662644,0.706699766814909,-3.8164082140636
"cg01024444",0.0630070969494761,0.0315035484747381,3.00061504802366,0.00570004997278183,0.706699766814909,-3.81662457085023
"cg10764762",-0.0540875058908979,-0.027043752945449,-2.99871678771703,0.00572670624866694,0.706699766814909,-3.82105445122258
"cg10123421",-0.0439932949678987,-0.0219966474839493,-2.99692909084098,0.00575191833969258,0.707853376230116,-3.82522502502324
"cg10133462",-0.0718127209141846,-0.0359063604570923,-2.99582408749493,0.00576755509279245,0.707920758062581,-3.82780229540619
"cg04704219",-0.0374392247626979,-0.0187196123813489,-2.99482469079361,0.00578173223626674,0.707920758062581,-3.83013284012695
"cg01697794",0.042631882346839,0.0213159411734196,2.99397273524786,0.00579384398984766,0.709004967166855,-3.83211924965671
"cg03733578",0.0389159641879678,0.0194579820939839,2.99108077174853,0.00583513758058415,0.710537147868142,-3.838859990558
"cg11203985",0.0365319539539279,0.0182659769769639,2.99055935669931,0.00584261244858432,0.710537147868142,-3.84007498223455
"cg24023258",-0.0466997295895136,-0.0233498647947568,-2.98769798946472,0.00588379461096055,0.710537147868142,-3.8467405810247
"cg04445851",0.0494508066586285,0.0247254033293142,2.98763814795725,0.00588465881799483,0.710537147868142,-3.84687994828316
"cg13621317",0.0572717465095941,0.028635873254797,2.98591189451484,0.00590964069788692,0.711969441023787,-3.85089968010751
"cg03741458",0.0958464125575596,0.0479232062787798,2.98266214583878,0.00595694402011558,0.712933872006137,-3.85846381003347
"cg27659557",0.0468389166885928,0.0234194583442963,2.98232087467054,0.00596193239288522,0.713138836225885,-3.85925791206387
"cg25410117",-0.0357629791616231,-0.0178814895808116,-2.98131446511655,0.00597666624869346,0.713190813949794,-3.86159945255703
"cg14275511",-0.0501532561952929,-0.0250766280976464,-2.97868387203123,0.00601534182271669,0.713645730139195,-3.8677179684605
"cg14010805",-0.0437650855319464,-0.0218825427659732,-2.97687688111269,0.00604204629913979,0.714593131200986,-3.87191927168406
"cg16471612",0.037625284536671,0.0188126422683355,2.97591119483753,0.00605636377422374,0.714593131200986,-3.87416398698831
"cg14586373",-0.0670305855363873,-0.0335152927681936,-2.97548336972376,0.00606271710302352,0.714593131200986,-3.87515833806239
"cg05541311",0.0569027458285982,0.0284513729142991,2.97386055304524,0.00608687402919341,0.715337114582796,-3.87892942670675
"cg04768368",0.044781782163889,0.0223908910819445,2.97315651026091,0.0060973826917888,0.715337114582796,-3.88056514987515
"cg19682835",-0.0429476798964757,-0.0214738399482379,-2.97225955843321,0.0061107957193146,0.715531041503807,-3.88264877836391
"cg27549878",-0.0510279189106673,-0.0255139594553336,-2.97182204673594,0.00611734844172514,0.715531041503807,-3.88366500632953
"cg21391741",0.037838417824049,0.0189192089120245,2.97042397567704,0.00613833248223946,0.715531041503807,-3.88691185698819
"cg25935697",0.040895013068248,0.020447506534124,2.96881784232532,0.00616252379193128,0.715531041503807,-3.89064094475645
"cg10726868",0.0433502136370656,0.0216751068185329,2.96687819898913,0.00619185910590546,0.715531041503807,-3.89514299604955
"cg24530264",0.0803550190900262,0.0401775095450131,2.96663332936787,0.00619557194871234,0.715531041503807,-3.89571124911133
"cg03387723",-0.0401437486129617,-0.0200718743064808,-2.96432643203429,0.00623065430170414,0.717061677887752,-3.90106353880168
"cg23836737",0.0374924034611797,0.0187462017305898,2.96403185332245,0.00623514769521422,0.717061677887752,-3.90174684479444
"cg23256579",-0.0412260687682854,-0.0206130343841426,-2.95787575373281,0.00632975766849965,0.717061677887752,-3.91601859564907
"cg09661370",0.0456252996022922,0.0228126498011461,2.95748168268802,0.00633586013644722,0.717061677887752,-3.91693165635034
"cg02519263",-0.0433694658552608,-0.0216847329276305,-2.95615276597031,0.00635648055350772,0.717061677887752,-3.92001028933129
"cg03498886",-0.0525118791364537,-0.0262559395682269,-2.95226446492123,0.00641718073018516,0.717061677887752,-3.92901403043204
"cg18671199",0.0505373697517097,0.0252686848758548,2.95133372124969,0.00643179194583196,0.717061677887752,-3.93116835377408
"cg01380607",-0.0692333704894081,-0.034616685244704,-2.95100245421099,0.00643699993356481,0.717061677887752,-3.93193502860914
"cg23091302",0.0622874308564492,0.0311437154282246,2.94437861072795,0.00654198003554247,0.717061677887752,-3.94725574249188
"cg23068717",0.042574246588661,0.0212871232943305,2.94206523322054,0.0065790255750552,0.717061677887752,-3.95260231230404
"cg14775960",0.0521430693820111,0.0260715346910055,2.94194030489355,0.00658103178259897,0.717061677887752,-3.95289097895398
"cg23369111",0.0455520723242278,0.022776036162114,2.94143156048895,0.00658920763749087,0.717061677887752,-3.95406644783003
"cg01564661",0.0493598056256863,0.0246799028128431,2.9379435183241,0.00664552278856721,0.717061677887752,-3.96212283658437
"cg24170085",-0.0378777616060289,-0.0189388808030145,-2.93733400923238,0.00665541017490628,0.717061677887752,-3.96353012143531
"cg06000878",0.0744639523138772,0.0372319761569386,2.93525935337486,0.00668916967509644,0.717061677887752,-3.96831912287641
"cg06938878",0.0504914550607451,0.0252457275303725,2.93365555973137,0.00671537837417674,0.717061677887752,-3.97202001282251
"cg00551088",0.0378804442530066,0.0189402221265032,2.93323283497993,0.00672230260967883,0.717061677887752,-3.97299531113437
"cg07180897",0.145364060187177,0.0726820300935883,2.93237312291247,0.00673640559207655,0.717061677887752,-3.97497858866044
"cg08704562",-0.0444499174315749,-0.0222249587157875,-2.93011625065655,0.00677356163169272,0.717061677887752,-3.98018354937312
"cg22221074",0.0411069795645591,0.0205534897822796,2.92977385533977,0.00677921560776613,0.717061677887752,-3.98097302389964
"cg08662620",0.0689268440368934,0.0344634220184467,2.92900258042412,0.00679196807099333,0.717061677887752,-3.98275120731363
"cg26542660",0.046658219281104,0.023329109640552,2.92807373602685,0.00680735601621846,0.717061677887752,-3.98489234550713
"cg25587091",0.0374809336573535,0.0187404668286768,2.92506741761291,0.0068573878853582,0.717061677887752,-3.99181997483813
"cg07122893",-0.0375904843483242,-0.018795242174162,-2.92359044555033,0.00688209549907276,0.717061677887752,-3.99522208546502
"cg13954548",-0.0430508448575496,-0.0215254224287748,-2.9233807903609,0.00688560955919466,0.717061677887752,-3.99570494010314
"cg19374305",-0.0454454398563219,-0.0227227199281611,-2.9228718560056,0.0068941469553653,0.717061677887752,-3.99687698621006
"cg04213854",0.0352490610241078,0.0176245305120539,2.91919551393588,0.00695611638331926,0.719141028223152,-4.00534022067762
"cg11792671",0.0524487731509204,0.0262243865754602,2.91790736450059,0.00697795438258351,0.719141028223152,-4.00830432636223
"cg04216073",0.0441503492045469,0.0220751746022735,2.91653220264571,0.00700133918436032,0.719141028223152,-4.01146789693767
"cg14481315",-0.0407624447609974,-0.0203812223804988,-2.91374554284816,0.00704895454963837,0.719141028223152,-4.01787623385269
"cg21117808",-0.052877684824458,-0.026438842412229,-2.91347429280735,0.00705360571868692,0.719141028223152,-4.01849984199293
"cg09623377",-0.0507365784370504,-0.0253682892185252,-2.9119383269897,0.00707999806427111,0.719141028223152,-4.02203047723764
"cg07338119",-0.0514197445791805,-0.0257098722895903,-2.91018126474111,0.00711030418589033,0.719141028223152,-4.02606813556135
"cg06102678",-0.0417023117218136,-0.0208511558609068,-2.90813989486157,0.00714566838659233,0.719141028223152,-4.03075751352837
"cg00681462",0.0383807160476237,0.0191903580238119,2.90672249471558,0.0071703209961288,0.719141028223152,-4.03401250793436
"cg19431495",-0.0356580832537377,-0.0178290416268689,-2.90656211832995,0.00717311546297737,0.719141028223152,-4.03438075237822
"cg00526711",0.0377477365032373,0.0188738682516187,2.90589818149223,0.00718469515855672,0.719141028223152,-4.03590512148931
"cg18278486",0.0443655125611331,0.0221827562805666,2.90584226078131,0.0071856712772145,0.719141028223152,-4.03603350455752
"cg12052658",-0.0496411139082978,-0.0248205569541489,-2.90545942567775,0.00719235719230625,0.719141028223152,-4.03691238451597
"cg07179000",-0.102056558968629,-0.0510282794843145,-2.90539700205737,0.00719344793030859,0.719141028223152,-4.03705568552356
"cg24319171",0.0612646598308721,0.030632329915436,2.90373736701611,0.0072225045032027,0.719141028223152,-4.04086498487581
"cg05973028",-0.0430562057808154,-0.0215281028904076,-2.90337394047435,0.00722888212004331,0.719141028223152,-4.04169899143704
"cg00095688",-0.0723053787273024,-0.0361526893636511,-2.90328121761402,0.00723051012733288,0.719141028223152,-4.04191176696164
"cg02198044",-0.0397383700241156,-0.0198691850120578,-2.90124783374481,0.00726629922042547,0.719141028223152,-4.0465769682061
"cg11531272",-0.0391080019315892,-0.0195540009657946,-2.90122772859102,0.0072666539221807,0.719141028223152,-4.0466230869403
"cg16995768",0.0375956544503801,0.0187978272251901,2.89977089821575,0.00729239947342974,0.719141028223152,-4.04996442667925
"cg13175739",-0.0364212136651899,-0.0182106068325951,-2.89964297916298,0.0072946642169948,0.719141028223152,-4.05025777544342
"cg13728439",-0.0370038958082725,-0.0185019479041362,-2.89900287352638,0.00730600697542486,0.719141028223152,-4.05172558703934
"cg24362661",0.070747724381813,0.0353738621909065,2.89824993776855,0.00731937046692741,0.719141028223152,-4.05345190777123
"cg06476438",0.0495985860467952,0.0247992930233976,2.89670271919664,0.00734690395155254,0.719141028223152,-4.05699860554467
"cg01844235",0.0384691730116586,0.0192345865058293,2.89636419600433,0.00735294118785943,0.719141028223152,-4.05777447068214
"cg21084943",0.0371007800003916,0.0185503900001958,2.89489517169835,0.00737919426402601,0.719141028223152,-4.06114078856431
"cg09026360",-0.0357856731615526,-0.0178928365807763,-2.89138857899516,0.00744221995744636,0.719141028223152,-4.06917260743579
"cg18076124",-0.0374477816715998,-0.0187238908357999,-2.89013644356571,0.00746484834988212,0.719141028223152,-4.07203936259721
"cg23002238",-0.0389000718195644,-0.0194500359097822,-2.88965159321526,0.00747362795914532,0.719141028223152,-4.07314924719795
"cg11445109",0.133921848587212,0.0669609242936059,2.8871369538908,0.00751931967121371,0.719141028223152,-4.07890399382485
"cg13540795",0.0358207146210935,0.0179103573105468,2.88390863215932,0.00757836665159941,0.719141028223152,-4.0862880996932
"cg12169375",-0.0372543451607454,-0.0186271725803728,-2.88350772477429,0.0075857299069579,0.719141028223152,-4.08720478431142
"cg20171297",-0.056620786185006,-0.028310393092503,-2.88240909271973,0.00760594259727586,0.719141028223152,-4.08971648612106
"cg13132497",-0.118600175239957,-0.0593000876199787,-2.88204166521924,0.0076127139061533,0.719141028223152,-4.09055638829536
"cg01273330",-0.0539590605701244,-0.0269795302850622,-2.88101958994747,0.00763157969463978,0.719141028223152,-4.09289244938249
"cg26228460",0.0357394962740444,0.0178697481370222,2.88058802734207,0.00763955888169911,0.719141028223152,-4.09387869885776
"cg08835403",-0.0357118588955159,-0.0178559294477579,-2.87991020987521,0.00765210701733136,0.719141028223152,-4.09542755538258
"cg06741367",0.0481955059010223,0.0240977529505112,2.87979827513307,0.0076541810898778,0.719141028223152,-4.09568331478857
"cg10703506",0.035349498356694,0.017674749178347,2.87855243361058,0.00767730157464363,0.719141028223152,-4.09852957725677
"cg11287888",-0.0458180049342673,-0.0229090024671336,-2.8780433779227,0.00768676768497788,0.719141028223152,-4.09969238221518
"cg03563169",0.0492527477033762,0.0246263738516881,2.87497645049415,0.00774403245412499,0.719141028223152,-4.10669565607519
"cg23331156",0.0510718427489392,0.0255359213744696,2.87494218209695,0.00774467457610084,0.719141028223152,-4.10677388482926
"cg23409699",0.0531284518023058,0.0265642259011529,2.87467695866955,0.00774964604105061,0.719141028223152,-4.10737932665967
"cg14498423",-0.0393548514750346,-0.0196774257375173,-2.87411333655077,0.00776022084191492,0.719141028223152,-4.10866584246684
"cg21621538",0.051667306555914,0.025833653277957,2.87395994112652,0.00776310124079124,0.719141028223152,-4.10901595734408
"cg16768191",0.0403955159318581,0.0201977579659291,2.87385012386291,0.00776516396684959,0.719141028223152,-4.10926660182907
"cg02439789",0.0950535242329936,0.0475267621164968,2.87220895266704,0.00779605230246806,0.719141028223152,-4.11301176464922
"cg04255278",-0.0466830816478141,-0.0233415408239071,-2.87118369228399,0.00781540753511364,0.719141028223152,-4.11535083464578
"cg20063965",0.043759539085547,0.0218797695427735,2.8710423573817,0.00781807926532789,0.719141028223152,-4.11567324670398
"cg18900914",0.0383106430566794,0.0191553215283397,2.86945328522556,0.00784817783095195,0.719141028223152,-4.11929764089691
"cg19131476",0.0395204620243108,0.0197602310121554,2.86831234680193,0.00786985581429797,0.719141028223152,-4.12189925822622
"cg21793437",0.0430697618836488,0.0215348809418243,2.86641007736753,0.00790612505774521,0.719443876510835,-4.12623566288304
"cg06712013",-0.0427339208113826,-0.0213669604056912,-2.8657860816673,0.0079180567108992,0.719443876510835,-4.12765778468462
"cg07922411",0.0593729098120216,0.0296864549060108,2.8650706084842,0.00793175847698274,0.719443876510835,-4.12928818452436
"cg08550317",-0.0374696565997962,-0.0187348282998981,-2.86462391802136,0.00794032423920761,0.719443876510835,-4.13030597924096
"cg25813711",0.0368232158110896,0.0184116079055448,2.86361152509826,0.00795977030706024,0.719443876510835,-4.13261242504824
"cg02786012",-0.0432626218912967,-0.0216313109456484,-2.86183949323688,0.0079939158806489,0.719443876510835,-4.13664843572663
"cg05440785",0.0361104271138945,0.0180552135569473,2.85966153188716,0.00803607293482896,0.719443876510835,-4.1416071593013
"cg04794690",-0.0576798258622332,-0.0288399129311166,-2.85853396706576,0.00805798072142397,0.719443876510835,-4.14417357076613
"cg14418226",-0.0365328162350402,-0.0182664081175201,-2.85826486207576,0.00806321757264301,0.719443876510835,-4.14478599087132
"cg04121631",0.040527284515064,0.020263642257532,2.85742877408264,0.00807950857218376,0.719443876510835,-4.14668853387275
"cg01025836",-0.0352816230115132,-0.0176408115057566,-2.85687340507313,0.00809034699810205,0.719443876510835,-4.14795212686959
"cg10707081",-0.0466101636602899,-0.023305081830145,-2.85626655467622,0.00810220581930591,0.719443876510835,-4.14933270069556
"cg24075760",-0.0473385256769314,-0.0236692628384656,-2.8561480950581,0.00810452262268775,0.719443876510835,-4.14960217578425
"cg03393040",0.039888473433313,0.0199442367166565,2.85533674518412,0.00812040762424701,0.719443876510835,-4.15144769418441
"cg13011961",0.0410200301008464,0.0205100150504231,2.85520444361298,0.00812300067506205,0.719443876510835,-4.15174860412881
"cg21708738",0.0617637690825187,0.0308818845412593,2.8525658546325,0.00817487941037793,0.721098560631797,-4.15774830553241
"cg11776115",-0.0352157315171141,-0.017607865758557,-2.85022350439094,0.00822119561486678,0.722404219145098,-4.16307190219352
"cg05358404",-0.0638223888783959,-0.031911194439198,-2.846577130694,0.00829379008074764,0.724832637727323,-4.17135452610751
"cg16036046",-0.0419432728978601,-0.02097163644893,-2.84506295052432,0.00832411284075732,0.725713658089984,-4.17479225345305
"cg18259003",0.0403245455427456,0.0201622727713728,2.84358963271923,0.00835371770835626,0.725713981726755,-4.17813625792288
"cg00083206",-0.0921614285415488,-0.0460807142707744,-2.8435327602695,0.0083548624936243,0.725713981726755,-4.17826532309256
"cg23693245",0.0709650912760667,0.0354825456380334,2.84017799222959,0.00842265314425018,0.726212583589307,-4.18587608844166
"cg06263887",-0.0432182573205986,-0.0216091286602993,-2.83867029887081,0.00845328822922693,0.726718654729855,-4.18929491606411
"cg00021476",0.053525990546852,0.026762995273426,2.83759991130737,0.00847510140033804,0.726718654729855,-4.19172151582949
"cg11421073",0.0369393505504013,0.0184696752752006,2.83709177527943,0.00848547516049857,0.726718654729855,-4.19287330094903
"cg21481503",0.0416712474536386,0.0208356237268193,2.83609986623708,0.0085057598259432,0.726718654729855,-4.19512132484149
"cg03033688",0.0490672643629336,0.0245336321814668,2.83382416294347,0.00855247123826492,0.727922319090667,-4.20027727419191
"cg19211915",-0.0490103598854741,-0.0245051799427371,-2.83379016860627,0.00855317084168088,0.727922319090667,-4.20035427642346
"cg01411366",-0.0495401999538784,-0.0247700999769391,-2.83248637202602,0.00858004374519923,0.729437422429733,-4.20330719015218
"cg01727431",0.0764427984278318,0.0382213992139158,2.8304116721784,0.00862297017865342,0.729971511435591,-4.20800456389821
"cg26808478",-0.0553388175065039,-0.027669408753252,-2.82934946512694,0.00864502601249377,0.729971511435591,-4.21040880417613
"cg26064870",-0.0386525575057455,-0.0193262787528727,-2.82756985643814,0.00868209735258652,0.730329441135273,-4.21443573562342
"cg10626063",-0.0432054262000945,-0.0216027131000472,-2.8259672957919,0.0087156087895428,0.730478519831279,-4.21806085597938
"cg27590397",-0.0350271257283532,-0.0175135628641766,-2.82588065826792,0.00871742395278669,0.730478519831279,-4.21825680500955
"cg05668342",0.0406707870370381,0.020335393518519,2.82567035349721,0.00872183158048196,0.730566654509782,-4.21873243994566
"cg15951545",0.0486230496277029,0.0243115248138515,2.82362527323831,0.00876480265120018,0.731627761514701,-4.22335667872125
"cg00577578",-0.0554557762991381,-0.0277278881495691,-2.82265249787096,0.00878531250509798,0.731627761514701,-4.22555562992112
"cg16261676",-0.0519420728323741,-0.0259710364161871,-2.82264209593269,0.00878553206231468,0.731627761514701,-4.22557914118269
"cg19446790",0.0362459658692365,0.0181229829346183,2.82185735705994,0.00880211073191418,0.731679465990297,-4.2273527316996
"cg22145318",-0.0559185376704001,-0.0279592688352,-2.81743815557936,0.00889602427529929,0.732135326168435,-4.23733553814164
"cg23902361",0.041432142629803,0.0207160713149015,2.81696235403173,0.00890619176853965,0.732135326168435,-4.23840984422565
"cg11715858",-0.0839941262556669,-0.0419970631278334,-2.81675436321385,0.00891063980247888,0.732135326168435,-4.23887943271236
"cg25926446",0.0372508755285617,0.0186254377642809,2.81572343564558,0.00893271785249813,0.732135326168435,-4.24120671483164
"cg18769584",-0.0429874327363415,-0.0214937163681708,-2.81443189324475,0.00896044989478965,0.732135326168435,-4.2441216658034
"cg18171855",-0.0709044876619573,-0.0354522438309786,-2.81281842097263,0.00899520839839667,0.732135326168435,-4.24776216562254
"cg05915866",-0.0495526892831873,-0.0247763446415937,-2.81018885043196,0.00905212871020511,0.733741789067018,-4.25369284299811
"cg08242633",-0.0754225477878929,-0.0377112738939464,-2.80841873356278,0.00909063596433775,0.733741789067018,-4.25768340833915
"cg18413212",-0.0367485733824102,-0.0183742866912051,-2.8062851402556,0.00913725537172476,0.733878098272416,-4.26249155745406
"cg02194398",0.0462547058103935,0.0231273529051968,2.80568150804313,0.00915048565247427,0.733878098272416,-4.26385150455221
"cg18259342",-0.056000378508742,-0.028000189254371,-2.80512629019625,0.00916267072367017,0.733878098272416,-4.2651022345998
"cg07663572",-0.0454184363799862,-0.0227092181899931,-2.8044683804288,0.00917712930020301,0.733878098272416,-4.26658412033626
"cg02367723",-0.0463216706491379,-0.023160835324569,-2.80283645790824,0.00921308609360824,0.733878098272416,-4.27025905908624
"cg00851518",0.0432036489836831,0.0216018244918415,2.80265645856724,0.00921706020268457,0.733926117821664,-4.27066432868871
"cg14295924",-0.0431321688724904,-0.0215660844362451,-2.80137208289032,0.00924546412820002,0.733994633755625,-4.27355569116617
"cg20799095",-0.0356271558793249,-0.0178135779396625,-2.7993661298171,0.00928999062949342,0.735232204318833,-4.27806999038974
"cg26741686",0.0419550294014604,0.0209775147007302,2.79827775680607,0.00931423384241243,0.735770450275253,-4.28051857251843
"cg13584272",0.0418186792076535,0.0209093396038267,2.79746140014105,0.0093324570387305,0.736114455554938,-4.28235483647133
"cg22868282",-0.0408875922726053,-0.0204437961363027,-2.79417039425627,0.00940626170354833,0.737300702451795,-4.28975442056432
"cg02674474",0.0470725117184936,0.0235362558592468,2.79408166936757,0.00940825904706689,0.737300702451795,-4.28995384514722
"cg13812291",-0.0353350566066433,-0.0176675283033216,-2.79321743424901,0.00942773529406746,0.737300702451795,-4.2918961799478
"cg06279632",-0.0753676816732395,-0.0376838408366198,-2.79102419481754,0.00947733219784262,0.737359275071484,-4.2968239044447
"cg26687406",-0.0403693813809318,-0.0201846906904659,-2.7903465827607,0.0094927049789359,0.737359275071484,-4.29834591479577
"cg24019078",0.0881658866596952,0.0440829433298476,2.78945669909991,0.00951292914119435,0.737359275071484,-4.30034440489833
"cg23713249",0.0575019249341183,0.0287509624670592,2.78882701922415,0.00952726420118765,0.737359275071484,-4.30175831859613
"cg09313766",0.0418004337831445,0.0209002168915722,2.78834130141965,0.00953833575559735,0.737359275071484,-4.30284885175221
"cg00071950",-0.101671434258586,-0.0508357171292929,-2.78689789161019,0.00957130861761083,0.737359275071484,-4.30608897118734
"cg21330207",0.0732531202999439,0.036626560149972,2.78552669427527,0.00960273116409972,0.738153110936864,-4.30916612647457
"cg09592244",-0.112366658025646,-0.0561833290128232,-2.78529787982723,0.00960798414547187,0.738153110936864,-4.30967953554195
"cg18812944",0.0520461737862033,0.0260230868931016,2.78327310245299,0.00965458566333915,0.738153110936864,-4.31422166579855
"cg11080651",0.0438715174902401,0.0219357587451201,2.78196660944801,0.00968476816870969,0.738153110936864,-4.31715151118838
"cg03318469",-0.0503416830092352,-0.0251708415046176,-2.78129912445023,0.00970022258547125,0.738153110936864,-4.31864806829274
"cg16275483",-0.0358857569206081,-0.017942878460304,-2.78051820824789,0.00971833273551789,0.738153110936864,-4.32039869356631
"cg22613854",0.0505877900062709,0.0252938950031354,2.77879865285521,0.00975832291934628,0.738427691979038,-4.32425255449284
"cg14065446",0.0373756485427789,0.0186878242713895,2.77691006551956,0.00980242239425838,0.740453627768927,-4.32848371619886
"cg22461835",0.0463426352248334,0.0231713176124167,2.77644677932269,0.00981326894581277,0.740735578554622,-4.32952141007397
"cg03077533",0.0521394650980849,0.0260697325490425,2.77626003120175,0.00981764432116071,0.740735578554622,-4.32993967142943
"cg01558909",0.106221482434244,0.053110741217122,2.7760750759315,0.00982197949892018,0.740735578554622,-4.33035390183293
"cg08663653",0.0511476725228029,0.0255738362614014,2.77438640055399,0.0098616437707628,0.741581985801403,-4.33413518789365
"cg13192836",0.0394394956066327,0.0197197478033164,2.76963511111799,0.00997405322504897,0.743397071641402,-4.34476738109803
"cg20631204",-0.042670703789359,-0.0213353518946795,-2.76890149221106,0.00999151666141313,0.743397071641402,-4.34640812661621
