"X","logFC","AveExpr","t","P.Value","adj.P.Val","B"
"cg04994975",0.0598199891049271,0.0332333272805151,5.89023102235693,2.97022372812247e-06,0.385700943323714,3.8473247973901
"cg02902313",-0.0896674677781793,-0.0498152598767662,-5.5439806564627,7.40277565571939e-06,0.402896065062528,2.92956573604158
"cg26114043",-0.0754360345912344,-0.0419089081062414,-5.3823153054255,1.13683700204115e-05,0.416118242705102,2.49937146603195
"cg15517609",0.0351794913206025,0.0195441618447791,5.37901332145719,1.14685781177336e-05,0.416118242705102,2.49057731945059
"cg07382920",0.0405005371783522,0.0225002984324179,5.18232331516566,1.93603083658332e-05,0.526842391405235,1.96640261308788
"cg00301902",-0.0478792229274885,-0.0265995682930493,-5.01753653706149,3.00514254714584e-05,0.545182943761374,1.52709473866185
"cg00387090",0.0417014269153716,0.0231674593974287,4.86092312223262,4.56617349247896e-05,0.634219032565554,1.10989634189281
"cg16032841",0.0536966432334955,0.0298314684630531,4.85567490834658,4.63065557782524e-05,0.634219032565554,1.09592632361714
"cg22423750",0.0500978623948415,0.0278321457749119,4.81759281397504,5.1266547845561e-05,0.634219032565554,0.994584035662892
"cg03839794",0.0553805784504636,0.0307669880280354,4.74411555754964,6.23873157057971e-05,0.634219032565554,0.799203224715817
"cg01100322",-0.0388121562251086,-0.0215623090139492,-4.73161549748707,6.45059617676144e-05,0.634219032565554,0.765987621822497
"cg23719508",-0.0468480037142601,-0.0260266687301444,-4.70872027804138,6.85745523064055e-05,0.634219032565554,0.705168737913833
"cg25137436",-0.0730103079375758,-0.0405612821875421,-4.70438134870884,6.93740003967809e-05,0.634219032565554,0.693645687980484
"cg01557754",0.039384326631416,0.0218801814618978,4.64337477897388,8.16507908217333e-05,0.668795521281107,0.531733357185414
"cg00579960",0.0389028945360858,0.0216127191867143,4.58331123246366,9.58518128125477e-05,0.719549643079022,0.372535521050902
"cg22354132",-0.0467066549903332,-0.0259481416612962,-4.53276325005562,0.000109692457199865,0.729498808222342,0.238743070143975
"cg10929140",0.0444520545223051,0.024695585845725,4.47915250483438,0.000126550526157239,0.729498808222342,0.0970495703747538
"cg17808727",0.0381731288107016,0.0212072937837231,4.44778323805072,0.000137585154057207,0.729498808222342,0.0142471975221401
"cg02298831",-0.0402410257813134,-0.0223561254340631,-4.43786046083067,0.000141270934548258,0.729498808222342,-0.011927626087723
"cg00610508",0.0484815644014291,0.0269342024452384,4.4104191957156,0.000151982734995863,0.729498808222342,-0.0842684643822498
"cg06706159",-0.0810474311597839,-0.0450263506443244,-4.39069852930985,0.000160175441084871,0.729498808222342,-0.136213908506326
"cg06329225",0.051206895773156,0.0284482754295311,4.38466467616828,0.000162768677199831,0.729498808222342,-0.152100171503385
"cg06611109",-0.0579068902108288,-0.0321704945615716,-4.35979294236036,0.000173905449547441,0.729498808222342,-0.217546871875478
"cg07576664",0.0793242695613834,0.0440690386452129,4.33796288474264,0.000184301490363936,0.729498808222342,-0.274939377626856
"cg08091771",-0.0376702998934891,-0.0209279443852717,-4.32996298623791,0.000188263699082252,0.73019420016927,-0.295959441810123
"cg10328393",-0.0388883911543666,-0.0216046617524259,-4.26910019863741,0.000221305962042222,0.73019420016927,-0.45565577495952
"cg24223558",0.067514464878894,0.03750803604383,4.26619558810477,0.000223019120672431,0.73019420016927,-0.463266895387039
"cg10511758",-0.0548859917522535,-0.0304922176401409,-4.26497996266274,0.000223739998894241,0.73019420016927,-0.466451984756381
"cg27020253",0.069427640756648,0.0385709115314711,4.24115493729605,0.000238343690041755,0.73019420016927,-0.528842120713063
"cg24137511",-0.0591798652562826,-0.0328777029201569,-4.23998988820477,0.000239081534053834,0.73019420016927,-0.531891313707915
"cg00630212",0.0432446259201874,0.0240247921778819,4.22505656214695,0.000248741738637204,0.73019420016927,-0.570960867297346
"cg20523861",0.0357024399866549,0.019834688881475,4.21890972978696,0.000252829420161255,0.73019420016927,-0.587034836321799
"cg12352302",0.0350417869601321,0.0194676594222956,4.21827927440759,0.000253252418045674,0.73019420016927,-0.588683218306827
"cg21238254",-0.0442688616957417,-0.0245938120531899,-4.20199017040622,0.000264427586558935,0.73019420016927,-0.631255651444167
"cg09334514",0.0655789734432126,0.036432763024007,4.19646141009689,0.000268330436442543,0.73019420016927,-0.645697892705646
"cg20464405",0.0429002130095537,0.0238334516719743,4.17352903812441,0.000285136383218544,0.730278504528697,-0.705560684179429
"cg15173319",0.0401716232914984,0.022317568495277,4.1718579581156,0.000286400951090663,0.730278504528697,-0.709920250370239
"cg07091758",0.0637239143505521,0.0354021746391957,4.16798454571635,0.000289353470012353,0.730278504528697,-0.720023939574421
"cg03855338",0.0448992750764271,0.0249440417091262,4.15718212033336,0.00029774758756132,0.730278504528697,-0.748191425412701
"cg11335969",-0.047748241368689,-0.0265268007603828,-4.15548119803784,0.000299091062183278,0.730278504528697,-0.752625208514687
"cg16146501",0.0573313235294821,0.0318507352941568,4.14165031201261,0.000310240183905951,0.730278504528697,-0.788663815585918
"cg18708986",0.0419268818973564,0.023292712165198,4.13000343073209,0.000319946588506593,0.730278504528697,-0.81899169926253
"cg19716930",0.0371101110324212,0.0206167283513452,4.12090041892879,0.000327741315463639,0.730278504528697,-0.842682593351697
"cg04513422",0.0537901474733775,0.0298834152629875,4.11936670793322,0.000329072941665461,0.730278504528697,-0.846673004605702
"cg21964928",0.123447646475532,0.0685820258197398,4.11036934510228,0.000336993114246378,0.730278504528697,-0.870075777901427
"cg07109743",-0.0370203821361137,-0.0205668789645076,-4.10353208422039,0.000343137414666189,0.730278504528697,-0.887852404857367
"cg18243910",0.0408980890187784,0.022721160565988,4.04320640062009,0.000402368249507263,0.768797196490708,-1.04440470301452
"cg07247409",-0.0626781659340177,-0.0348212032966765,-4.03189468833569,0.000414547742833041,0.768797196490708,-1.07369961210908
"cg17971003",0.0427586595404519,0.0237548108558066,4.01369979930217,0.000434905103438746,0.768797196490708,-1.12077907149229
"cg10086720",-0.0410734682777361,-0.0228185934876312,-4.0086864082563,0.00044068540288036,0.768797196490708,-1.13374217810159
"cg24943998",0.0559025166083377,0.0310569536712988,4.00804397985808,0.00044143155517381,0.768797196490708,-1.135403016239
"cg13850380",0.0398175263014528,0.0221208479452516,3.97247549857346,0.000484743614039037,0.771353878434893,-1.22725323877015
"cg10023454",0.0354959147397967,0.0197199526332205,3.95907182089571,0.000502128759350797,0.771353878434893,-1.26181261783828
"cg20724032",-0.0438989998898748,-0.0243883332721526,-3.95530667515401,0.000507121755356251,0.771353878434893,-1.27151510080264
"cg13228701",0.0684342748116583,0.0380190415620324,3.95197322327056,0.000511583033744042,0.771353878434893,-1.28010315754959
"cg24118130",0.0439631319242611,0.024423962180145,3.93756252794976,0.000531317844834992,0.771353878434893,-1.31720817393745
"cg16583884",-0.043868305225338,-0.0243712806807434,-3.93355880911895,0.000536932444685221,0.771353878434893,-1.32751076404132
"cg19931925",0.0517312644051668,0.0287395913362039,3.93084600157567,0.000540769864572773,0.771353878434893,-1.33448994483113
"cg23064046",0.0475837619780824,0.0264354233211569,3.90387100851075,0.000580425276212494,0.771353878434893,-1.40381828167397
"cg14933246",-0.0604867688848265,-0.0336037604915703,-3.89547707299123,0.0005933382870044,0.771353878434893,-1.42536533334443
"cg18310515",-0.0483917486773985,-0.0268843048207769,-3.89001835397141,0.000601886891960025,0.771353878434893,-1.43937098334035
"cg19613205",0.0483544871849605,0.0268636039916448,3.8603955716673,0.000650430490181641,0.771353878434893,-1.51528092009523
"cg13621396",0.0352714018078199,0.0195952232265667,3.85792645380053,0.000654646070570943,0.771353878434893,-1.52160087113263
"cg09240515",-0.0353223367006148,-0.0196235203892305,-3.85527420173511,0.000659204201579346,0.771353878434893,-1.52838830682828
"cg08682607",0.0450946791223614,0.0250525995124231,3.84904805617361,0.000670027146078304,0.771353878434893,-1.54431660076123
"cg05151824",0.0392768482665548,0.0218204712591972,3.84899172524529,0.000670125858231739,0.771353878434893,-1.54446067848295
"cg10573505",0.048127504169228,0.0267375023162378,3.84485078710906,0.000677421502963115,0.771353878434893,-1.55505032731911
"cg12165223",0.0788179526188902,0.0437877514549389,3.84450945670769,0.0006780263361355,0.771353878434893,-1.55592306956661
"cg13483431",-0.0369968615389256,-0.0205538119660698,-3.83964331920496,0.000686706920847056,0.771353878434893,-1.56836282146136
"cg01755541",0.0418477505129194,0.0232487502849553,3.83467890079538,0.000695675186579838,0.771353878434893,-1.58104918468269
"cg08614290",0.0507628883595375,0.0282016046441875,3.83193378987357,0.000700683489813111,0.771353878434893,-1.5880621827799
"cg06770683",-0.0395943968840006,-0.0219968871577781,-3.83175527421229,0.000701010403949572,0.771353878434893,-1.58851819095532
"cg00643296",0.0561032072538728,0.0311684484743738,3.83144941942122,0.000701570860945959,0.771353878434893,-1.5892994655677
"cg27043786",0.0368329409664481,0.0204627449813601,3.82358555634253,0.00071613272443721,0.771353878434893,-1.60938072884326
"cg05951178",-0.0450398102913073,-0.025022116828504,-3.82100893890173,0.000720968133507894,0.771353878434893,-1.61595782129539
"cg02763807",-0.0406263724814105,-0.0225702069341169,-3.81522175607805,0.000731945676820556,0.771353878434893,-1.63072553786486
"cg09200221",-0.0767277242830903,-0.0426265134906058,-3.81110687356361,0.000739850618400649,0.771353878434893,-1.64122191981045
"cg19078420",-0.0390674237612246,-0.0217041243117914,-3.80003871654615,0.000761530942498126,0.771353878434893,-1.66943848771359
"cg13790259",-0.0436810786229236,-0.0242672659016244,-3.79964272811617,0.00076231803569363,0.771353878434893,-1.6704475523969
"cg00719568",-0.0451262969463288,-0.0250701649701827,-3.78347235007527,0.000795149463461573,0.771353878434893,-1.71162656867475
"cg26241993",0.0478449412663503,0.0265805229257502,3.78214287759421,0.000797909576459986,0.771353878434893,-1.7150098385566
"cg04611466",0.0505822239212692,0.0281012355118163,3.77547799625687,0.000811888613279466,0.771353878434893,-1.73196540029727
"cg01280390",0.0907368320688283,0.0504093511493491,3.77340353261279,0.00081628838306319,0.771353878434893,-1.73724103470693
"cg15440868",-0.0387282818031905,-0.0215157121128836,-3.75554002889673,0.000855154494758681,0.771353878434893,-1.78263394453991
"cg00243480",0.0596687493834256,0.0331493052130143,3.74900405077985,0.000869823047092724,0.771353878434893,-1.79922609349226
"cg24694743",-0.0357487350488251,-0.0198604083604585,-3.73944153631414,0.000891728713662777,0.771353878434893,-1.8234853507951
"cg02799466",0.0443476639630369,0.0246375910905761,3.73876527812088,0.000893298155976199,0.771353878434893,-1.82520023392983
"cg11426317",0.0482288106293255,0.0267937836829587,3.73460862541618,0.000903004343569963,0.771353878434893,-1.83573873216618
"cg15842276",0.0353610880275125,0.0196450489041737,3.72805243424229,0.000918523798143522,0.771353878434893,-1.85235345004251
"cg04124916",-0.0387384275715228,-0.0215213486508459,-3.72146836393174,0.000934371760375943,0.771353878434893,-1.86902964182518
"cg03757805",0.0624193265192356,0.0346774036217976,3.72008330685593,0.000937739506562899,0.771353878434893,-1.8725365503752
"cg09243445",0.0355946634839325,0.0197748130466292,3.71943436753591,0.00093932147470113,0.771353878434893,-1.87417949745399
"cg11032707",0.0567148372705079,0.03150824292806,3.71715038281366,0.00094491010348713,0.771353878434893,-1.8799612411569
"cg24204847",-0.0352365652631777,-0.0195758695906543,-3.70277329267946,0.000980843034190539,0.771353878434893,-1.91633003901119
"cg07845581",0.0371553233310245,0.0206418462950136,3.70084826808505,0.000985754573730829,0.771353878434893,-1.92119625269138
"cg05252062",-0.0389014686650171,-0.0216119270361206,-3.69736843645264,0.000994694156616767,0.771353878434893,-1.9299907692249
"cg03041029",0.0550863064499682,0.0306035035833158,3.69701525031631,0.000995605898552008,0.771353878434893,-1.93088322253374
"cg26346108",0.0487048393297703,0.0270582440720946,3.69206870949372,0.00100846143680222,0.771353878434893,-1.94337958952592
"cg01361021",0.0513524936233917,0.0285291631241065,3.69150467584522,0.00100993756467972,0.771353878434893,-1.94480415797787
"cg17481903",0.0350676638621574,0.0194820354789763,3.68259665886099,0.00103353259598905,0.771353878434893,-1.96729366545072
"cg03614721",-0.0621876731965864,-0.0345487073314369,-3.68161511999681,0.00103616515023512,0.771353878434893,-1.96977062209537
"cg11868728",-0.0445424835238049,-0.0247458241798917,-3.68102740233769,0.00103774458374089,0.771353878434893,-1.97125365131338
"cg06878637",-0.0425511553913517,-0.0236395307729731,-3.67462288516801,0.00105510929092505,0.771353878434893,-1.98740964255679
"cg06349450",0.0428713663791624,0.0238174257662015,3.67236789992912,0.00106129058741581,0.771353878434893,-1.99309587667737
"cg12520628",-0.0364497897976981,-0.0202498832209435,-3.66828144988765,0.00107258249012885,0.771610791520638,-2.00339748437063
"cg19435412",-0.0371148280307273,-0.0206193489059596,-3.66577207915057,0.00107957458105804,0.771610791520638,-2.00972154656157
"cg11132223",-0.0379131346428472,-0.0210628525793596,-3.66021683819974,0.0010952123774914,0.771610791520638,-2.02371669982272
"cg05681560",0.0506047599543656,0.028113755530203,3.63873952145367,0.00115777721288324,0.787790873143442,-2.07775787800097
"cg02531924",-0.0512473752239573,-0.0284707640133096,-3.63495284245708,0.00116916402377272,0.787790873143442,-2.08727493501639
"cg07663572",0.0547056323074833,0.0303920179486018,3.62794338068234,0.00119053098677862,0.790178645797884,-2.10488304039278
"cg19576738",0.0363674954598031,0.020204164144335,3.62374974349342,0.00120349608485373,0.792523855643542,-2.11541219001746
"cg22351833",0.0690257356993529,0.038347630944085,3.62327073014015,0.00120498574284801,0.792523855643542,-2.11661460847677
"cg10542300",0.0365181895729499,0.0202878830960833,3.6192210076673,0.00121765183559461,0.793928940691432,-2.12677806644164
"cg23504719",0.0709355828324133,0.0394086571291185,3.61177388554187,0.00124128354730487,0.794786553671382,-2.1454578042212
"cg13932916",0.038814637600947,0.0215636875560818,3.60494630851072,0.00126334180177972,0.796627592289971,-2.1625720066421
"cg24454695",0.0399914204201988,0.0222174557889993,3.60409629594578,0.00126611459316642,0.796627592289971,-2.16470189784848
"cg03668556",-0.0492471340512082,-0.0273595189173379,-3.59224550172712,0.00130539596024144,0.800672987950134,-2.19437866070809
"cg07631828",0.0406802934066934,0.0226001630037185,3.59028073391557,0.00131202225743182,0.802323723154233,-2.19929557654752
"cg27500647",-0.0445970582346354,-0.0247761434636863,-3.58843623801464,0.00131827274873734,0.803887891877081,-2.20391065992571
"cg02577387",0.0496782747516922,0.0275990415287179,3.57848783401398,0.00135248860940426,0.808006750608116,-2.22878820254304
"cg20381115",0.0423005118129082,0.0235002843405045,3.57831733023822,0.00135308250360056,0.808006750608116,-2.22921436440242
"cg13138836",0.0362998622648012,0.0201665901471118,3.57784769665169,0.00135471963239303,0.808006750608116,-2.23038814296888
"cg21211367",0.0582004539125981,0.032333585506999,3.56499091196709,0.00140029484525191,0.813802335496998,-2.26250078631737
"cg25436886",0.105988016483701,0.0588822313798342,3.56401945138749,0.00140379854052741,0.813802335496998,-2.26492557232631
"cg09095892",0.0480210455866323,0.0266783586592402,3.56329522795068,0.00140641609539928,0.813802335496998,-2.26673309773723
"cg04855107",-0.0391859693898613,-0.0217699829943675,-3.55558836239183,0.00143456691969263,0.816604647102352,-2.28595994586773
"cg12018865",-0.0430361945703401,-0.0239089969835223,-3.55481635369239,0.00143741686722097,0.816604647102352,-2.28788511719405
"cg16102024",0.0443055721813089,0.0246142067673938,3.55390289526358,0.00144079610845598,0.816604647102352,-2.29016283263872
"cg23093090",0.0499277211297472,0.0277376228498596,3.54130745352264,0.00148818728704347,0.817194408390134,-2.32154840925269
"cg14006096",0.0520108834195713,0.0288949352330952,3.53938299851358,0.00149556047151128,0.817194408390134,-2.32634029938539
"cg25815229",0.0393759691237157,0.0218755384020643,3.53193111452532,0.00152444761140374,0.817194408390134,-2.3448866571287
"cg02964087",0.0518619676515278,0.0288122042508488,3.52877335191127,0.00153685168971096,0.817194408390134,-2.35274149721348
"cg07031070",0.0398061244168845,0.0221145135649358,3.51880860850159,0.00157664134294593,0.817194408390134,-2.37751182884499
"cg21562740",-0.0387077754569036,-0.0215043196982798,-3.51433402130913,0.00159483272404447,0.817194408390134,-2.38862646697758
"cg04650654",0.0385799477922856,0.0214333043290476,3.51192277769111,0.00160472003216597,0.817833642969079,-2.39461373103475
"cg09547224",0.0355171722824078,0.0197317623791155,3.50495547910498,0.00163362539413968,0.817833642969079,-2.41190550945103
"cg26265281",0.0586512245192991,0.0325840136218329,3.50034767375639,0.00165301916112263,0.817833642969079,-2.42333446168197
"cg02928885",-0.0420179345923768,-0.023343296995765,-3.49848628435701,0.0016609168256216,0.817833642969079,-2.42794978296161
"cg13775629",-0.0455611391278279,-0.0253117439599044,-3.49771073352283,0.00166421820778733,0.817833642969079,-2.42987249689067
"cg14822754",0.0420275562875931,0.0233486423819962,3.49518690765923,0.00167500587345049,0.818833831635419,-2.43612837416896
"cg06841052",0.0650489171711017,0.0361382873172787,3.48859359262519,0.00170350937998216,0.822292665237507,-2.45246352636574
"cg00637477",0.0381321244113007,0.0211845135618337,3.48013861993591,0.00174075104470631,0.823088606481737,-2.47339423193957
"cg25110832",-0.0419452097568496,-0.0233028943093609,-3.480024693592,0.00174125821510521,0.823088606481737,-2.47367613309528
"cg04644523",-0.035155318311252,-0.0195307323951399,-3.46975998293586,0.00178754757246813,0.823088606481737,-2.49906112437954
"cg23730617",0.0435524533690406,0.0241958074272448,3.46965745487752,0.00178801590049051,0.823088606481737,-2.49931453806601
"cg13987192",-0.0379523126683151,-0.021084618149064,-3.46465597043347,0.00181100685779943,0.823088606481737,-2.51167304679777
"cg06755071",0.0399542245684181,0.022196791426899,3.46351139280829,0.00181630848228083,0.823088606481737,-2.51450031738622
"cg01413790",0.0568297663430444,0.0315720924128024,3.46245561479297,0.00182121214249351,0.823088606481737,-2.51710792776933
"cg18576301",0.0382543781418306,0.021252432301017,3.45918975957303,0.00183646217803749,0.823088606481737,-2.52517218994565
"cg09273483",-0.0480345189679231,-0.0266858438710684,-3.45907232294518,0.00183701285421645,0.823088606481737,-2.52546211851911
"cg00354437",0.0377934582634891,0.0209963657019384,3.45866541930561,0.00183892211973156,0.823088606481737,-2.52646665697524
"cg19479373",0.0833622567016446,0.046312364834247,3.45318936726727,0.00186480479178094,0.823088606481737,-2.53998123758357
"cg03060468",0.0387709149884885,0.021539397215827,3.45213047697784,0.00186985027175647,0.823088606481737,-2.54259358009385
"cg08999896",-0.0464693987374322,-0.0258163326319068,-3.44706058593636,0.00189419171305436,0.823088606481737,-2.55509706536744
"cg07208891",-0.0391609893169216,-0.0217561051760675,-3.44695377512538,0.00189470782176627,0.823088606481737,-2.5553604094215
"cg14355134",0.0418732659175866,0.0232629255097703,3.44620561617026,0.00189832674311636,0.823088606481737,-2.55720492208253
"cg08692541",-0.0355826855328964,-0.0197681586293868,-3.44311567346585,0.00191334425333046,0.823088606481737,-2.56482125391014
"cg22182666",-0.036011649201869,-0.0200064717788161,-3.44226079549527,0.00191751937227183,0.823088606481737,-2.56692796273128
"cg17472786",-0.0382264849847383,-0.0212369361026324,-3.44160592090084,0.00192072367372353,0.823088606481737,-2.56854166014898
"cg21507078",-0.0413444056432934,-0.0229691142462741,-3.44104534280031,0.00192347070637131,0.823088606481737,-2.56992290523041
"cg05564831",0.0635534318648448,0.0353074621471361,3.43399059183892,0.00195836879654455,0.823088606481737,-2.58729819201028
"cg01275038",0.045719420292459,0.0253996779402549,3.43306443647892,0.00196299558933364,0.823088606481737,-2.58957822130477
"cg09701582",-0.0377422997180496,-0.0209679442878054,-3.42718674331143,0.00199260672728191,0.823088606481737,-2.6040425289766
"cg03157610",0.0381986786426144,0.0212214881347857,3.42633798867042,0.00199691826649429,0.823088606481737,-2.60613042342177
"cg07027706",0.0485831174862035,0.0269906208256686,3.42019816560907,0.0020283779626644,0.823088606481737,-2.62122812349125
"cg13653173",-0.0481489569273427,-0.0267494205151904,-3.41828703503739,0.00203826798909629,0.823088606481737,-2.62592541194504
"cg06229674",-0.0412914434569655,-0.0229396908094252,-3.41641322532098,0.00204801023420756,0.823088606481737,-2.63052998064226
"cg13485469",0.0373203926661404,0.0207335514811891,3.41419580179387,0.00205959727005155,0.823088606481737,-2.63597765292992
"cg10097906",-0.0598105116925075,-0.033228062051393,-3.4116243743202,0.0020731136663675,0.823088606481737,-2.64229330159873
"cg18595867",0.0403011282134693,0.0223895156741496,3.41098633113006,0.00207648074473417,0.823088606481737,-2.6438601035831
"cg08738570",0.0736101436129897,0.0408945242294388,3.40824024532647,0.00209103293148503,0.823088606481737,-2.65060218516699
"cg26709929",0.0400201407735791,0.0222334115408773,3.40700003647379,0.00209763743660034,0.823088606481737,-2.65364640125197
"cg19020434",-0.0389050222420615,-0.0216139012455897,-3.40544870537496,0.00210592721088805,0.823088606481737,-2.65745368746014
"cg20152413",-0.0370350479494492,-0.0205750266385829,-3.39984808518707,0.00213611980788004,0.827166849159026,-2.67119310483986
"cg00248521",-0.0524277517184025,-0.0291265287324458,-3.39320755885819,0.00217246174479285,0.827166849159026,-2.68747208875238
"cg17858911",0.0710168484578164,0.0394538046987869,3.38662912842458,0.0022090536328718,0.827166849159026,-2.70358645302875
"cg01575590",0.0393426409952103,0.0218570227751169,3.38203528692789,0.00223495939564647,0.827166849159026,-2.71483206600976
"cg02121547",0.0537838578056401,0.0298799210031334,3.38171255377921,0.00223679037484843,0.827166849159026,-2.71562188101445
"cg08894066",0.0484812973970523,0.0269340541094735,3.37904862459802,0.00225195932165537,0.827166849159026,-2.72214008846479
"cg26504305",0.0369424928595525,0.0205236071441958,3.3718332364157,0.00229354672238662,0.827166849159026,-2.73978469683534
"cg17045534",0.0428436128517141,0.0238020071398412,3.37134637637426,0.00229637943948301,0.827166849159026,-2.74097472821836
"cg04972065",0.0396146644063456,0.0220081468924142,3.36991311791818,0.00230473828255763,0.827166849159026,-2.74447764073134
"cg27114512",0.0351935286150327,0.0195519603416848,3.35420998830857,0.00239826861485519,0.827166849159026,-2.78281717583976
"cg16262614",0.048264079993243,0.0268133777740239,3.35272741711343,0.0024072862519954,0.827166849159026,-2.78643317301722
"cg20069688",-0.0383967005565429,-0.0213315003091905,-3.34668372076871,0.00244438689574767,0.83069545082167,-2.80116706765113
"cg00004089",-0.0433325285771454,-0.0240736269873031,-3.34418311399777,0.00245989853721713,0.831552657689705,-2.80726012536573
"cg18961546",0.0409966053368658,0.0227758918538144,3.33562708090501,0.00251369562509942,0.832665054412981,-2.82809398091419
"cg07464859",0.035919100169432,0.0199550556496845,3.33395734395509,0.00252432602991976,0.832665054412981,-2.83215723016558
"cg11967721",0.0391347107774043,0.0217415059874469,3.33226481096069,0.00253514587742278,0.832665054412981,-2.83627510239864
"cg07054292",0.0505990190765169,0.0281105661536206,3.32645297633656,0.00257264118489156,0.834670619897007,-2.85040855467321
"cg24203562",-0.0519574712141424,-0.0288652617856346,-3.3235685378469,0.00259144855777281,0.837337629486578,-2.85741927989312
"cg25323057",0.0496466047480838,0.0275814470822688,3.32211982492857,0.00260094459869368,0.837953163737233,-2.86093948014418
"cg13947999",-0.0644339383996971,-0.0357966324442763,-3.31943428820806,0.00261863672410906,0.838859301142434,-2.86746334002815
"cg04474988",0.0429169439987806,0.0238427466659892,3.31711639467584,0.00263400020543939,0.838859301142434,-2.87309234714164
"cg08471335",-0.0516825861211262,-0.0287125478450702,-3.31571203979025,0.00264335085247455,0.838859301142434,-2.87650203320992
"cg10482057",0.0857678999138232,0.0476488332854573,3.3142779474542,0.00265293256385801,0.839452644116117,-2.87998330286143
"cg13648764",-0.0355327859747741,-0.0197404366526524,-3.31074605602682,0.00267667362283502,0.839557001877269,-2.88855433184494
"cg23681730",0.0652320887436888,0.0362400493020493,3.30549678262472,0.00271233798057035,0.839557001877269,-2.90128600503728
"cg25593573",0.0797043038987295,0.0442801688326275,3.30164710485368,0.00273878425370934,0.839557001877269,-2.91061772554301
"cg07312880",-0.0367510366084759,-0.0204172425602644,-3.29950150176792,0.00275363176679265,0.839557001877269,-2.91581675336569
"cg22036614",-0.0371602799194515,-0.0206445999552509,-3.29635004638677,0.00277558061143986,0.839557001877269,-2.9234505063646
"cg26271045",0.036309173143747,0.0201717628576372,3.29539715535757,0.00278225034262806,0.839557001877269,-2.92575808749989
"cg21917512",-0.0369698786639774,-0.0205388214799875,-3.29421020544184,0.00279057998429144,0.839557001877269,-2.92863208923119
"cg02139827",-0.0353055195103523,-0.0196141775057513,-3.29074334984886,0.00281504723276802,0.839557001877269,-2.93702401463723
"cg20063728",-0.0559542726465486,-0.0310857070258605,-3.28881163376195,0.00282876988602791,0.839557001877269,-2.94169834584059
"cg06744119",0.0354451212672312,0.0196917340373507,3.27678779930438,0.00291564693987822,0.839557001877269,-2.97076735769542
"cg13457741",-0.0375326361247015,-0.020851464513723,-3.27651687982968,0.00291763376807974,0.839557001877269,-2.97142181804412
"cg09670263",-0.0443982935698016,-0.0246657186498899,-3.27379471766219,0.00293766970911333,0.839557001877269,-2.97799647290033
"cg01613249",-0.0466339042716378,-0.0259077245953543,-3.26997293320147,0.0029660230956273,0.839557001877269,-2.98722305385557
"cg08148252",-0.0384596157446011,-0.0213664531914451,-3.26711037783053,0.00298743259971209,0.839557001877269,-2.99413085225456
"cg26325335",0.0674647156569341,0.0374803975871856,3.26382767538358,0.00301216773517534,0.839557001877269,-3.00204935633371
"cg03052071",0.0588269765620946,0.0326816536456081,3.26275881344224,0.00302026409341414,0.839557001877269,-3.00462692156006
"cg01796333",0.0400615124961166,0.0222563958311759,3.25743693103999,0.00306088901916054,0.839557001877269,-3.01745528718046
"cg18351448",0.0596747785144571,0.0331526547302539,3.2543794065595,0.00308446632396406,0.839557001877269,-3.02482137141637
"cg05988605",-0.0356574150427515,-0.0198096750237508,-3.25034493318258,0.00311584487109307,0.839557001877269,-3.03453653909868
"cg13883479",-0.0518087487915862,-0.0287826382175479,-3.24970434283838,0.00312085532146634,0.839557001877269,-3.03607862835032
"cg27640528",-0.0356377838078622,-0.0197987687821458,-3.24612751776937,0.00314897475790833,0.839557001877269,-3.04468668979082
"cg23470017",-0.0385141425702393,-0.0213967458723552,-3.24069852100651,0.003192121703613,0.839557001877269,-3.0577444027903
"cg08645860",-0.05259848268087,-0.02922137926715,-3.23527047587364,0.00323582963568413,0.839557001877269,-3.07079036280275
"cg00908631",0.0404991506614987,0.0224995281452771,3.23156956489855,0.00326595982982891,0.839557001877269,-3.07967982049317
"cg09926178",0.0390204582273276,0.0216780323485154,3.23006302560237,0.00327830215142527,0.839557001877269,-3.08329720687827
"cg24883732",-0.0812266813563589,-0.045125934086866,-3.22490179882036,0.0033209265766167,0.839557001877269,-3.09568437178949
"cg16409409",0.043441343434286,0.0241340796857144,3.2236248732812,0.00333155414502183,0.839557001877269,-3.09874771292952
"cg24550112",-0.048070408700984,-0.0267057826116578,-3.22255993926428,0.00334044236326117,0.839557001877269,-3.10130208127778
"cg18435832",0.038821282582656,0.0215673792125867,3.2157827227632,0.00339754343139827,0.839557001877269,-3.11754936003304
"cg11573854",0.035329728997623,0.0196276272209017,3.21477061412261,0.0034061510347599,0.839557001877269,-3.11997443841984
"cg08234507",-0.035702145039453,-0.0198345250219183,-3.20887161442655,0.00345673852886744,0.839557001877269,-3.13410214279796
"cg25576789",0.0376633801497452,0.0209241000831918,3.20422670882875,0.00349707882611999,0.839557001877269,-3.14521832414881
"cg11758793",0.0429596729906308,0.0238664849947949,3.20393372371498,0.00349963846919749,0.839557001877269,-3.14591925718323
"cg23276120",0.0350721729841777,0.0194845405467654,3.20344763244162,0.00350388914214113,0.839557001877269,-3.14708211187491
"cg26604214",0.0397159539456483,0.0220644188586935,3.20045346582149,0.00353018153226115,0.839557001877269,-3.15424320258769
"cg05650846",0.0416558170148666,0.0231421205638148,3.19766240950828,0.00355486101164427,0.839557001877269,-3.16091584600327
"cg12892054",-0.0364060186476517,-0.0202255659153621,-3.19425722283721,0.00358519537234162,0.839557001877269,-3.16905320533272
"cg13217373",0.0589212399214684,0.0327340221785935,3.19361066251198,0.00359098313508652,0.839557001877269,-3.17059785236764
"cg03943674",0.0605241387030663,0.0336245215017035,3.18921384076916,0.00363058052016087,0.839557001877269,-3.1810982653999
"cg13654183",-0.0463034376599873,-0.0257241320333262,-3.1886239426798,0.00363592489017547,0.839557001877269,-3.18250655926049
"cg13676220",0.0479941405582136,0.0266634114212298,3.18761120571858,0.00364511772887527,0.839557001877269,-3.18492404695656
"cg16598600",0.0382587097797325,0.0212548387665181,3.18641360900302,0.00365601738645365,0.839557001877269,-3.18778236800826
"cg24551324",0.0402378306714696,0.0223543503730387,3.1836177165707,0.00368158553362898,0.839557001877269,-3.19445349612238
"cg15765817",0.0499411465804797,0.0277450814335998,3.1764274296037,0.00374813089848983,0.839557001877269,-3.21159780616541
"cg08139206",-0.0679004858071782,-0.037722492115099,-3.17603479729286,0.00375179772202315,0.839557001877269,-3.21253348642179
"cg10828456",0.0380565258125119,0.0211425143402844,3.17326224819209,0.00377778895227721,0.839557001877269,-3.21913925574292
"cg02724472",0.0592823144354055,0.0329346191307809,3.17082192326183,0.00380080867085227,0.839557001877269,-3.22495133255947
"cg00642042",-0.0386854218812958,-0.0214919010451644,-3.16732644337943,0.00383401635585234,0.839557001877269,-3.23327294166208
"cg22233974",0.0392347000305124,0.0217970555725069,3.16417958619206,0.00386415004877377,0.839557001877269,-3.24076104799818
"cg22077481",0.039488981503995,0.021938323057775,3.16364847385035,0.00386925823762172,0.839557001877269,-3.24202452491859
"cg25204186",0.0374431100763993,0.0208017278202218,3.16232016793939,0.00388206213775669,0.839557001877269,-3.24518404620003
"cg04444415",0.0613889483111588,0.0341049712839772,3.16082697117575,0.00389650399358329,0.839557001877269,-3.24873506129203
"cg17270013",-0.0350474558842336,-0.0194708088245742,-3.15476677352642,0.00395564760571602,0.839557001877269,-3.26313918648084
"cg03421510",0.0440679665341317,0.0244822036300733,3.15291889250322,0.00397385236752526,0.839557001877269,-3.26752880694179
"cg01978534",0.0569086276169074,0.0316159042316153,3.1524428049961,0.00397855563736374,0.839557001877269,-3.26865955786586
"cg16710604",-0.0465966577042582,-0.0258870320579213,-3.15007380501052,0.0040020384688954,0.839557001877269,-3.27428499118792
"cg02152985",-0.0377064930196752,-0.0209480516775974,-3.14830465557387,0.00401966187388021,0.839808435646566,-3.27848476074822
"cg01704105",0.0473347155403269,0.0262970641890706,3.14331222481586,0.00406979617558005,0.841406211763356,-3.2903304423928
"cg13303654",0.039889578002373,0.022160876667985,3.1432000300545,0.00407092970002151,0.841406211763356,-3.29059655135037
"cg23346237",-0.0422332045885975,-0.0234628914381097,-3.13608422034269,0.00414344353032072,0.841596401342529,-3.30746528040053
"cg04470676",-0.036022031609286,-0.0200122397829368,-3.13510005051733,0.00415356965294519,0.841596401342529,-3.30979697110377
"cg24246472",0.0386024385665608,0.0214457992036449,3.13394759925846,0.00416545736545501,0.841596401342529,-3.31252692590605
"cg26831184",-0.037690044403129,-0.0209389135572939,-3.13360691998249,0.00416897776308793,0.841596401342529,-3.3133338469598
"cg18348274",-0.042765078540736,-0.0237583769670756,-3.13181617322871,0.00418752930682742,0.841596401342529,-3.31757468368075
"cg01037895",0.0588883841727603,0.0327157689848669,3.13051072547929,0.00420110313101933,0.841596401342529,-3.32066553462988
"cg08544331",-0.0427406905303317,-0.0237448280724065,-3.12935081347904,0.00421319905591714,0.841596401342529,-3.32341130892687
"cg05514043",0.0447280593374403,0.0248489218541335,3.12652025032307,0.00424285726095131,0.841596401342529,-3.33010992279441
"cg08844698",-0.047535402560598,-0.0264085569781099,-3.12651040995428,0.00424296071480102,0.841596401342529,-3.33013320544734
"cg22438763",0.0612199533471778,0.0340110851928765,3.12278158479466,0.00428233704021994,0.841596401342529,-3.33895329726158
"cg12906381",0.124995462036762,0.069441923353757,3.12014987516769,0.00431033825413638,0.841596401342529,-3.34517536173557
"cg23917477",0.042333516418099,0.0235186202322773,3.11205739667389,0.00439754431523417,0.841596401342529,-3.36429289264133
"cg15923350",0.0451719881132001,0.0250955489517779,3.10899867273349,0.00443094349749289,0.841596401342529,-3.37151275586413
"cg26836456",0.0384260923140732,0.021347829063374,3.10830044703691,0.00443860161272367,0.841596401342529,-3.37316039572801
"cg27318087",-0.0406981156602652,-0.0226100642557029,-3.10681775171007,0.0044549057964318,0.841596401342529,-3.37665861739701
"cg15395560",-0.0354552752662216,-0.0196973751479009,-3.10141190462729,0.00451483695828444,0.841596401342529,-3.38940638823677
"cg08930881",0.0603050479296089,0.0335028044053383,3.10088173743765,0.00452075594561078,0.841596401342529,-3.39065604023637
"cg08394377",0.0404521937646827,0.0224734409803793,3.0974723089624,0.00455899785725617,0.841596401342529,-3.3986899800193
"cg17797229",0.060637882854253,0.0336877126968072,3.09603333070149,0.00457523088073305,0.841596401342529,-3.40207952885555
"cg16968985",0.050382518266036,0.0279902879255756,3.09192511425237,0.00462188021522519,0.841596401342529,-3.41175246303458
"cg26434983",0.0363832838112656,0.0202129354507031,3.09065757802942,0.00463636484948322,0.841596401342529,-3.41473570058286
"cg17009813",0.0379702059627521,0.0210945588681956,3.0893538801962,0.0046513079985303,0.841596401342529,-3.41780344633198
"cg06150430",0.0595459817722029,0.0330811009845572,3.08884364950183,0.00465716885787528,0.841596401342529,-3.41900390981865
"cg09102447",0.037934993293471,0.0210749962741506,3.08653436288483,0.00468378332822799,0.841596401342529,-3.42443599751143
"cg04066453",0.0360241207887594,0.0200134004381997,3.08595678346195,0.00469046261687824,0.841596401342529,-3.42579432621014
"cg05832823",0.0371558214977341,0.0206421230542968,3.08561111418011,0.0046944643874945,0.841596401342529,-3.42660720032778
"cg04098829",-0.0380402822223633,-0.0211334901235351,-3.0826650115874,0.00472870377417206,0.841596401342529,-3.43353349487332
"cg00729133",0.0389242835652463,0.0216246019806924,3.07958478193904,0.00476475720517957,0.841596401342529,-3.44077177688932
"cg02058870",0.0496123797171811,0.0275624331762118,3.07569478657944,0.00481066430898636,0.841596401342529,-3.44990804233438
"cg24579534",-0.036402162432058,-0.0202234235733656,-3.07438995230059,0.00482615753797869,0.841596401342529,-3.45297142378618
"cg12437115",-0.0537822311061999,-0.0298790172812221,-3.0685361761064,0.00489625228171036,0.841596401342529,-3.46670682830782
"cg11724135",0.0598837162541512,0.0332687312523062,3.06820911162941,0.00490019719735448,0.841596401342529,-3.46747389071374
"cg19904425",0.037502506942614,0.02083472607923,3.06772816115918,0.00490600373793372,0.841596401342529,-3.46860179028317
"cg05378118",0.0426288708188629,0.0236827060104794,3.06639761183155,0.00492210179658789,0.841596401342529,-3.4717216850231
"cg21213617",-0.0755128465354775,-0.0419515814085987,-3.0642360065871,0.00494836226815292,0.841596401342529,-3.47678887746066
"cg22544571",-0.0511030646310426,-0.0283905914616903,-3.06402358957839,0.00495095004638932,0.841596401342529,-3.477286729201
"cg19286658",-0.0448130364987994,-0.0248961313882218,-3.06109560133478,0.00498675234328701,0.841596401342529,-3.48414751294633
"cg26681176",0.0445520710736537,0.0247511505964743,3.05955284556361,0.00500571588901316,0.841596401342529,-3.48776119538093
"cg19247654",0.0453946645568978,0.0252192580871654,3.0591070238179,0.00501120874110246,0.841596401342529,-3.48880530603887
"cg13461049",-0.035534056978825,-0.0197411427660139,-3.05843787860892,0.00501946390683648,0.841596401342529,-3.49037230159825
"cg05468028",-0.0423849969659033,-0.0235472205366129,-3.05826661187088,0.00502157889076774,0.841596401342529,-3.49077334543847
"cg11133963",-0.0388235830143274,-0.021568657230182,-3.05587523593657,0.00505119918431819,0.841596401342529,-3.49637194604743
"cg01759110",0.056816765098586,0.0315648694992145,3.05402618300074,0.00507421639229421,0.841596401342529,-3.50069944044477
"cg13475578",0.0411129984163348,0.0228405546757415,3.0516208348897,0.00510430830968738,0.841596401342529,-3.50632699736546
"cg19807317",-0.0366658355207942,-0.0203699086226635,-3.05059903932648,0.00511714289172579,0.841596401342529,-3.50871694737558
"cg13460311",0.0526056137866564,0.0292253409925868,3.05041141432339,0.00511950295942342,0.841596401342529,-3.50915575496632
"cg14184890",0.0434893356908074,0.0241607420504486,3.04440359915004,0.00519562473714398,0.841596401342529,-3.52319964963616
"cg03321020",0.0441915757470463,0.0245508754150257,3.04299306459173,0.00521365279595425,0.841596401342529,-3.52649498635486
"cg08727996",0.0692184463390159,0.0384546924105644,3.04159357707353,0.00523159864538489,0.841596401342529,-3.52976378592894
"cg09139128",-0.0498437851745409,-0.0276909917636339,-3.03546785120837,0.00531084570145088,0.841596401342529,-3.54406315712593
"cg23409699",0.0534576363151813,0.0296986868417674,3.03528666020495,0.00531320707477737,0.841596401342529,-3.54448590136473
"cg20525037",-0.0401823329495315,-0.0223235183052953,-3.03519600396147,0.00531438892893717,0.841596401342529,-3.5446974106124
"cg13686059",0.0445144515015322,0.0247302508341846,3.0349418862772,0.00531770311027073,0.841596401342529,-3.54529027392104
"cg03028061",-0.0529920071205929,-0.0294400039558849,-3.03315661818402,0.00534104206302575,0.841596401342529,-3.54945467317035
"cg22417566",0.05087388837598,0.028263271319989,3.03229575381926,0.00535233109571534,0.841596401342529,-3.55146234047237
"cg18171855",-0.0833905772988822,-0.046328098499379,-3.02875163477222,0.00539904741339482,0.841596401342529,-3.55972485181668
"cg14781605",0.0403302892975145,0.022405716276397,3.02593708071898,0.00543642381828813,0.841596401342529,-3.56628315790285
"cg03255953",0.0477012041262034,0.0265006689590019,3.02328306763017,0.00547189419272736,0.841596401342529,-3.57246465992053
"cg21226024",-0.0372942606400779,-0.0207190336889322,-3.02241075373866,0.00548360059930248,0.841596401342529,-3.57449580184289
"cg17489939",0.0602751350965544,0.0334861861647525,3.02191096100297,0.00549031854596357,0.841596401342529,-3.57565941687503
"cg00293189",-0.0424653650347147,-0.0235918694637304,-3.02108947465974,0.00550137757486564,0.841596401342529,-3.57757179332516
"cg14390656",0.0464839294441084,0.0258244052467269,3.01604204428252,0.00556979463365606,0.841596401342529,-3.58931636441347
"cg22603037",-0.0380166019706993,-0.0211203344281663,-3.01601505000105,0.00557016270732075,0.841596401342529,-3.58937915000307
"cg00747187",-0.0451869785943337,-0.0251038769968521,-3.01512665223936,0.00558228917249024,0.841596401342529,-3.59144530732773
"cg01620739",0.0536133026373732,0.029785168131874,3.01442300445115,0.00559191168511711,0.841596401342529,-3.5930815778334
"cg12528115",-0.0366036490626256,-0.0203353605903475,-3.01412614897264,0.00559597597734746,0.841596401342529,-3.59377183278992
"cg13073141",-0.0466230277356032,-0.0259016820753351,-3.01363683431799,0.00560268140134616,0.841596401342529,-3.5949095253851
"cg18984282",0.0529196513298639,0.0293998062943689,3.01074715329227,0.00564243712310966,0.841596401342529,-3.60162639926908
"cg26878190",-0.0444323916175868,-0.0246846620097705,-3.00805518158308,0.00567971450400631,0.841596401342529,-3.6078808642669
"cg22125805",0.0473493930485763,0.0263052183603202,3.00642143097891,0.00570245232828562,0.841596401342529,-3.61167534170073
"cg09304968",-0.0367499314296638,-0.0204166285720355,-3.00584184155661,0.00571053961712839,0.841596401342529,-3.61302122695079
"cg06048354",0.0504221937129296,0.0280123298405165,3.00509886208882,0.00572092274571503,0.841596401342529,-3.61474633924961
"cg23052055",-0.0543370009336805,-0.0301872227409337,-3.00412529745252,0.00573455552144418,0.841596401342529,-3.61700652576048
"cg05335277",-0.0492811729828709,-0.0273784294349282,-3.00372807099588,0.0057401267465342,0.841596401342529,-3.61792860629817
"cg01211627",-0.0421226292540775,-0.0234014606967098,-3.00184401559203,0.00576662149652194,0.841596401342529,-3.62230123976743
"cg13665981",0.0422659959936959,0.0234811088853866,3.00099647607404,0.00577857806442817,0.841596401342529,-3.62426782123967
"cg07149179",0.0539717723548853,0.0299843179749363,3.00057178601708,0.00578457820688956,0.841596401342529,-3.62525314434525
"cg13227162",-0.042673003747788,-0.0237072243043267,-3.00036864322355,0.00578745036362701,0.841596401342529,-3.625724431469
"cg15249221",0.064526990067911,0.0358483278155062,2.99841367739193,0.00581516037172272,0.841596401342529,-3.63025910687541
"cg21546022",0.0392423619958338,0.0218013122199076,2.99504070755877,0.00586326665712848,0.841596401342529,-3.63807950387524
"cg00226689",-0.0469552248194587,-0.0260862360108104,-2.9907627741598,0.00592482493930723,0.841596401342529,-3.64799183467889
"cg20845858",-0.0391536784098954,-0.021752043561053,-2.9893098344437,0.00594587193755656,0.841596401342529,-3.65135681986325
"cg00212114",0.0408388896450266,0.0226882720250148,2.98901872307564,0.00595009746819467,0.841596401342529,-3.65203093156682
"cg14871138",-0.0465662248423904,-0.0258701249124391,-2.98540529790906,0.00600278542101791,0.841596401342529,-3.66039564055634
"cg11157691",-0.0443664849726973,-0.0246480472070541,-2.98174694309149,0.00605658061081842,0.841596401342529,-3.66885922939843
"cg22730830",0.056557059572615,0.0314205886514527,2.9764218269811,0.00613570549351845,0.841596401342529,-3.68116961665282
"cg24018814",0.0391440107905291,0.021746672661405,2.97563904090021,0.00614741933189128,0.841596401342529,-3.68297830351345
"cg09871685",0.0383024093812118,0.0212791163228955,2.9662041930532,0.0062902886176264,0.841596401342529,-3.70475949753666
"cg13677785",0.0389494847155259,0.0216386026197366,2.96576178512114,0.00629706477266702,0.841596401342529,-3.70577998448346
"cg08400935",-0.0350233462935313,-0.0194574146075174,-2.96257375762182,0.00634609987023984,0.841596401342529,-3.71313143437
"cg27282281",0.0826397001754086,0.0459109445418936,2.96000616504839,0.00638585569959009,0.841596401342529,-3.71904929669635
"cg05120150",0.039664925909245,0.0220360699495806,2.95858908179029,0.00640789864574655,0.841596401342529,-3.72231432471365
"cg14188774",0.0511735603680929,0.0284297557600516,2.95803001247739,0.00641661493005786,0.841596401342529,-3.72360223052977
"cg27036111",0.0440089483518419,0.0244494157510233,2.95491172447144,0.00646543828415288,0.841596401342529,-3.73078345440251
"cg18106923",-0.0372043809165602,-0.0206691005092,-2.95417555007721,0.00647701603799382,0.841596401342529,-3.73247826041086
"cg18848419",0.0378313106620341,0.0210173948122412,2.95379993894946,0.00648293082986252,0.841596401342529,-3.73334290266631
"cg11004890",0.0398536987418621,0.022140943745479,2.94974228750825,0.0065471551504799,0.841596401342529,-3.74267991439403
"cg03233656",-0.0518111488880098,-0.0287839716044499,-2.94828636716734,0.00657034638028101,0.841596401342529,-3.74602853092271
"cg05712938",-0.047233807694263,-0.0262410042745905,-2.94710158230115,0.00658927627957963,0.841596401342529,-3.74875291768828
"cg11210069",0.0521134573820557,0.0289519207678087,2.9453016784037,0.00661813339559972,0.841596401342529,-3.75289069457593
"cg20430047",0.060531869244404,0.0336288162468911,2.93872261886851,0.0067246371327313,0.841596401342529,-3.76800428684504
"cg01004918",-0.0406252694720084,-0.0225695941511158,-2.93645779009078,0.00676167587954029,0.841596401342529,-3.7732031327986
"cg21636683",0.0691312175446157,0.038406231969231,2.93552062097498,0.00677705881228846,0.841596401342529,-3.775353778664
"cg14210765",0.0517914954878586,0.0287730530488103,2.93476708495812,0.00678945163236563,0.841596401342529,-3.77708276349108
"cg06471402",0.0496875453553924,0.0276041918641069,2.93436482825149,0.00679607603863443,0.841596401342529,-3.77800564690698
"cg15688628",0.035671363155705,0.0198174239753916,2.93410896437312,0.00680029282390136,0.841596401342529,-3.77859263282188
"cg14883993",0.0530763945177714,0.0294868858432064,2.93358617920243,0.00680891634909936,0.841596401342529,-3.7797918906305
"cg09404516",0.0379980340584376,0.0211100189213543,2.9320801678062,0.00683381659142561,0.841596401342529,-3.78324603818247
"cg13238680",0.0428571092368108,0.0238095051315615,2.92934188922852,0.00687931259205621,0.841596401342529,-3.78952415876433
"cg03539340",0.0353971591867503,0.0196650884370835,2.92786219647655,0.00690401689247658,0.841596401342529,-3.79291543918632
"cg23794358",0.0370971322127741,0.0206095178959856,2.92688558197283,0.00692036810890013,0.841596401342529,-3.79515324343623
"cg02860921",0.041695576616239,0.0231642092312439,2.92611356622818,0.00693331977498494,0.841596401342529,-3.79692196166479
"cg13527387",0.0486943863217475,0.0270524368454154,2.92543023740612,0.00694480277499922,0.841596401342529,-3.798487295265
"cg01588826",0.0360985981682694,0.0200547767601497,2.92529371295866,0.00694709916182032,0.841596401342529,-3.79880001581028
"cg26349869",0.0416968759532968,0.0231649310851649,2.92409553356693,0.00696728386747574,0.841596401342529,-3.80154422391754
"cg04344683",-0.0542245802542147,-0.030124766807897,-2.92301290744191,0.00698556978173516,0.841596401342529,-3.80402328283632
"cg02598441",-0.0357231030542071,-0.0198461683634484,-2.92083893444836,0.00702242649218139,0.841596401342529,-3.80899994694081
"cg00330059",-0.0602323642749742,-0.0334624245972079,-2.91791023156634,0.00707237029925038,0.841596401342529,-3.81570133270908
"cg27637940",0.0460809082553713,0.0256005045863175,2.91721583682566,0.00708426127175439,0.841596401342529,-3.81728972264067
"cg16966496",0.0506029930051299,0.0281127738917388,2.91677605243004,0.00709180204302515,0.841596401342529,-3.81829560474706
"cg15482422",0.0384678239981755,0.0213710133323198,2.91633834976534,0.00709931467734998,0.841596401342529,-3.81929664798799
"cg02937751",-0.0367097399120105,-0.0203942999511169,-2.91561297071331,0.00711178154700758,0.841596401342529,-3.82095544817236
"cg11490745",0.0558455684891875,0.0310253158273264,2.91458362869601,0.00712950817188836,0.841596401342529,-3.82330898753218
"cg23095383",-0.0702744095894139,-0.0390413386607856,-2.91445877328622,0.00713166119342081,0.841596401342529,-3.82359443410778
"cg22992730",0.0995636720549855,0.0553131511416587,2.91426054500923,0.00713508073185936,0.841596401342529,-3.82404761404637
"cg19761640",0.0511759296826359,0.0284310720459089,2.91153743522314,0.00718221340739774,0.841596401342529,-3.83027144780952
"cg05927579",0.0586379378998669,0.0325766321665927,2.90990012304293,0.00721069460123917,0.841596401342529,-3.83401217967238
"cg02634745",0.0466903552266721,0.02593908623704,2.90915963892731,0.00722361052060352,0.841596401342529,-3.8357035909774
"cg13571460",-0.156258013888553,-0.086810007715863,-2.90778603498397,0.00724762774826259,0.841596401342529,-3.83884058349931
"cg21487550",0.0692913812893097,0.0384952118273943,2.90724414247036,0.00725712344962622,0.841596401342529,-3.84007792956087
"cg20639396",0.0377200911326874,0.0209556061848263,2.90496894493907,0.00729712107812356,0.841596401342529,-3.84527176629704
"cg24032269",-0.0459156692558533,-0.0255087051421407,-2.90466816851228,0.00730242429138114,0.841596401342529,-3.84595822333629
"cg17142470",0.0410369697829002,0.0227983165460557,2.90059109857185,0.00737467142237005,0.841596401342529,-3.85525961922573
"cg17210933",0.0379126407014678,0.0210625781674821,2.89602123914407,0.00745645582809409,0.841596401342529,-3.86567720235878
"cg05585911",-0.0350541083209031,-0.0194745046227239,-2.89577311197429,0.00746092093406686,0.841596401342529,-3.86624259591822
"cg00848594",0.047573204111756,0.0264295578398645,2.8934597517741,0.00750267244960376,0.841596401342529,-3.87151270822351
"cg17001448",0.0377636311382543,0.0209797950768079,2.89145694616075,0.00753899771504463,0.841596401342529,-3.87607356900894
"cg14699728",0.0372994468060073,0.0207219148922263,2.89051004065754,0.00755622985270686,0.841596401342529,-3.87822932334588
"cg24673765",0.0363172903895645,0.020176272438647,2.88987296779855,0.00756784452402322,0.841596401342529,-3.87967949598719
"cg00465137",-0.0510584351502666,-0.0283657973057037,-2.88953751177562,0.00757396711885748,0.841596401342529,-3.88044302948728
"cg18368599",-0.0471642754703112,-0.0262023752612841,-2.88875801142119,0.00758821233275643,0.841596401342529,-3.88221707647142
"cg00843634",0.0536293251471163,0.0297940695261757,2.88809400793245,0.00760036687120145,0.841596401342529,-3.8837280698231
"cg14108909",-0.0462852854816894,-0.0257140474898274,-2.88789777576892,0.00760396241510178,0.841596401342529,-3.88417457719546
"cg10798664",0.0420980708701545,0.0233878171500858,2.88773793749005,0.00760689230738357,0.841596401342529,-3.88453826208931
"cg13580027",0.0402216424978037,0.0223453569432242,2.88683453230838,0.00762347214908418,0.841596401342529,-3.88659360980392
"cg02573743",-0.0543681856113251,-0.0302045475618473,-2.88603220008175,0.00763822572076414,0.841596401342529,-3.88841872366985
"cg22404498",0.0779364004416496,0.0432980002453609,2.88576384222917,0.00764316641098014,0.841596401342529,-3.88902911443933
"cg18161327",0.0372351170985235,0.0206861761658464,2.8855381918577,0.00764732316271633,0.841596401342529,-3.88954234236697
"cg22541001",0.0361871694806054,0.0201039830447808,2.88473988529997,0.00766204611789417,0.841596401342529,-3.89135787330786
"cg03717367",0.0356454086593076,0.0198030048107265,2.8846930468298,0.0076629107802259,0.841596401342529,-3.89146438650269
"cg05747555",-0.0427550200828198,-0.0237527889349,-2.88412811576602,0.00767334697822822,0.841596401342529,-3.89274899884212
"cg13638420",0.0431476797889482,0.0239709332160824,2.8826772362799,0.00770021134410486,0.841596401342529,-3.8960475908081
"cg08493581",-0.0374323015950985,-0.0207957231083881,-2.87931114478113,0.00776288090138845,0.841596401342529,-3.90369709374215
"cg11820931",-0.0366100676875435,-0.0203389264930797,-2.87859227766738,0.00777632710996921,0.841596401342529,-3.90533012525696
"cg20001775",-0.0360200502479996,-0.0200111390266664,-2.87602921597976,0.00782444807573486,0.841596401342529,-3.91115082435116
"cg14055655",-0.0509588930409732,-0.028310496133874,-2.87513467611345,0.00784130911655827,0.841596401342529,-3.91318167887055
"cg02397571",0.0396070748181303,0.0220039304545169,2.87500344291449,0.00784378560042583,0.841596401342529,-3.91347958686116
"cg20702390",0.0582318359697797,0.0323510199832109,2.87478493927023,0.00784791059503716,0.841596401342529,-3.91397558865615
"cg07791160",0.0390540910246105,0.0216967172358947,2.87201567675581,0.00790036795321452,0.841596401342529,-3.92026007916523
"cg21469772",-0.141543850595824,-0.0786354725532355,-2.87154668659266,0.00790928468442342,0.841596401342529,-3.92132407759956
"cg02002217",0.086805077491031,0.0482250430505728,2.86992029092917,0.00794028053884021,0.841596401342529,-3.92501317466219
"cg14418226",0.0380287314804346,0.0211270730446859,2.86703534980893,0.00799554463333311,0.841596401342529,-3.93155427880411
"cg14684749",-0.0423590371116642,-0.0235327983953691,-2.86669487234751,0.00800209078824724,0.841596401342529,-3.93232602371473
"cg15757195",-0.0373118209187288,-0.0207287893992938,-2.86539835722022,0.00802706453465957,0.841596401342529,-3.93526433359434
"cg08380478",0.0354878753023339,0.0197154862790744,2.86232827275676,0.0080864953889983,0.841596401342529,-3.94221930995311
"cg21873672",0.0385427374490507,0.0214126319161393,2.85954628103159,0.008140708448692,0.841596401342529,-3.94851823737095
"cg01152897",0.0374929420293394,0.0208294122385219,2.85728373064679,0.00818505227068293,0.841596401342529,-3.95363866673861
"cg21894287",0.0659773282115062,0.0366540712286145,2.85649067365148,0.00820064940289312,0.841596401342529,-3.95543294407392
"cg08709333",-0.0367628963181657,-0.0204238312878698,-2.85329735696155,0.00826373745188513,0.841596401342529,-3.96265509390848
"cg20920097",0.0655756930253923,0.0364309405696624,2.85290902728757,0.00827144060881488,0.841596401342529,-3.96353306565547
"cg12993543",0.0384820823623333,0.0213789346457407,2.85163868066386,0.00829668745937497,0.841596401342529,-3.96640473992503
"cg02501166",0.0497387308909505,0.0276326282727503,2.84763892712369,0.0083766549412117,0.841596401342529,-3.97544191909269
"cg16190888",-0.0590531746435866,-0.032807319246437,-2.84513110615593,0.0084271649231007,0.841596401342529,-3.98110473248715
"cg03379552",0.0528707832059473,0.0293726573366374,2.84391159259433,0.00845183097535482,0.841596401342529,-3.98385750839248
"cg26005485",0.0425188242027252,0.023621569001514,2.84163959937748,0.00849796661593297,0.841596401342529,-3.98898434070951
"cg09509179",0.0378298279465845,0.0210165710814358,2.84156066350827,0.00849957377450755,0.841596401342529,-3.98916242297498
"cg01359962",0.0390275920333846,0.0216819955741026,2.83851694721068,0.00856176417693181,0.841596401342529,-3.99602714587427
"cg04071440",-0.0798700253011386,-0.0443722362784104,-2.8384668379663,0.00856279161519544,0.841596401342529,-3.99614012814921
"cg03519879",-0.0370692108885653,-0.020594006049203,-2.83801228794552,0.00857211701353837,0.841596401342529,-3.99716496211161
"cg22934308",0.036692317385657,0.0203846207698094,2.83511828256654,0.00863171474569637,0.841596401342529,-4.0036877630632
"cg17283857",-0.0542487079060381,-0.0301381710589101,-2.83510153484737,0.00863206077588775,0.841596401342529,-4.00372550039781
"cg04569615",0.0448442718565268,0.0249134843647372,2.83263155475988,0.00868323750155573,0.841596401342529,-4.00928975500555
"cg02410480",0.076240418806036,0.0423557882255756,2.83257520810996,0.00868440831033072,0.841596401342529,-4.0094166597698
"cg15543551",0.0454873935093298,0.0252707741718499,2.83017472671803,0.00873442577350373,0.841596401342529,-4.01482180265219
"cg21052814",0.0983674569415213,0.0546485871897341,2.82571673414075,0.00882803661063717,0.841596401342529,-4.02485329883172
"cg12041830",0.0423108056160381,0.0235060031200211,2.82471571438138,0.0088491862267666,0.841596401342529,-4.02710465231569
"cg00599163",0.0638883258529507,0.0354935143627505,2.82042836184853,0.00894031178628634,0.841596401342529,-4.03674230750079
"cg26799877",-0.0350252301691726,-0.0194584612050959,-2.81232351417906,0.00911499981794797,0.841596401342529,-4.05493983290648
"cg05670004",0.0428007095258853,0.0237781719588252,2.81030091898113,0.0091590930508855,0.841596401342529,-4.05947667929033
"cg02402706",-0.0356766564927392,-0.0198203647181884,-2.80971984933364,0.00917179769847366,0.841596401342529,-4.06077973923191
"cg07280731",0.0511704135675352,0.0284280075375197,2.80831793129662,0.00920251800746103,0.841596401342529,-4.06392296661996
"cg00165994",0.0444998931195974,0.0247221628442208,2.80763916718398,0.00921742663275955,0.841596401342529,-4.06544451184653
"cg06805348",0.0444646678690564,0.0247025932605869,2.80489070813411,0.00927802787024341,0.841596401342529,-4.0716035298841
"cg13264800",-0.03609864079898,-0.0200548004438778,-2.80426070799856,0.00929197165990083,0.841596401342529,-4.07301483507512
"cg07606234",0.0359776687996445,0.0199875937775804,2.80359147135734,0.00930680550459903,0.841596401342529,-4.07451384799172
"cg02725269",-0.0559464466611511,-0.031081359256195,-2.80343830384462,0.00931020364884613,0.841596401342529,-4.07485689823262
"cg03388025",0.0369179590842177,0.0205099772690099,2.80223206290709,0.00933700596848481,0.841596401342529,-4.07755816774291
"cg19926385",-0.0367100814279511,-0.0203944896821951,-2.80197495527168,0.00934272821844592,0.841596401342529,-4.07813385578409
"cg27641532",0.0361185344389633,0.0200658524660907,2.80068971566057,0.00937138240927657,0.841596401342529,-4.08101119684286
"cg27565899",0.0562425609227277,0.0312458671792932,2.79779185097052,0.00943629394242722,0.841596401342529,-4.08749618011923
"cg07794384",0.0364558439137561,0.0202532466187534,2.79525804208668,0.00949339761145406,0.841596401342529,-4.09316346472592
"cg15584813",-0.0413840730159805,-0.0229911516755447,-2.79458253241889,0.00950867623744043,0.841596401342529,-4.09467388168979
"cg22473813",-0.0350619883817613,-0.0194788824343118,-2.78912363401759,0.00963299781568019,0.841596401342529,-4.10687248133097
"cg15381313",0.0373499859296056,0.0207499921831143,2.78836200050957,0.00965046454355279,0.841596401342529,-4.10857341154885
"cg06790044",-0.0397073872273749,-0.0220596595707639,-2.78822005120929,0.00965372319703655,0.841596401342529,-4.10889039400292
"cg26858890",0.0422475315408432,0.0234708508560241,2.7861500948351,0.00970135994133535,0.841596401342529,-4.11351174414234
"cg11183181",0.035381534872725,0.019656408262625,2.78452675242205,0.00973887333268297,0.841596401342529,-4.1171346764088
"cg16638248",-0.043577921863388,-0.024209956590771,-2.78430794042186,0.00974394023357261,0.841596401342529,-4.11762292671051
"cg19817118",-0.0409058195723069,-0.0227254553179483,-2.78261991155189,0.0097831124311553,0.841596401342529,-4.12138883484346
"cg04841983",-0.0410501066122067,-0.0228056147845593,-2.78185242611059,0.00980097158748039,0.841596401342529,-4.12310064233897
"cg10441522",0.0431846985891979,0.0239914992162211,2.7811874183914,0.00981647092917982,0.841596401342529,-4.12458367294942
"cg14192299",0.0640501064933387,0.0355833924962993,2.78110936184929,0.00981829170601069,0.841596401342529,-4.12475773371945
"cg23954153",0.0424393238042491,0.0235774021134717,2.7792317237217,0.00986218612252734,0.841596401342529,-4.12894393050513
"cg18069493",0.0441757760555557,0.0245420978086421,2.77862869749641,0.0098763224848817,0.841596401342529,-4.13028804885231
"cg04282082",-0.187046158253407,-0.103914532363004,-2.77828824207653,0.00988431198627636,0.841596401342529,-4.13104683789438
"cg15998609",0.0403346912816272,0.0224081618231262,2.77764174375908,0.00989950017134302,0.841596401342529,-4.13248757851574
"cg19760965",0.0489049843755914,0.0271694357642175,2.77709447911826,0.00991237422182165,0.841596401342529,-4.13370702989637
"cg00860225",0.0365989978829548,0.0203327766016416,2.77705894457188,0.00991321069377609,0.841596401342529,-4.13378620576242
"cg10590925",0.0882967919699715,0.0490537733166508,2.77682809400289,0.00991864646067911,0.841596401342529,-4.13430055907585
"cg05113697",0.036400492844113,0.0202224960245073,2.77509120323077,0.00995963452083507,0.841596401342529,-4.13816973473027
"cg07814289",0.0388588732105419,0.0215882628947455,2.77345441206812,0.00999840619540064,0.841596401342529,-4.14181470445122
