"X","logFC","AveExpr","t","P.Value","adj.P.Val","B"
"cg03607951",-0.0666079376787802,-0.0334233379033305,-7.17029426224682,6.7260565487481e-12,1.46426251066246e-06,15.1211674255892
"cg11115622",-0.0446867612707714,-0.0224234644369462,-6.00819861326483,5.83982937318897e-09,0.000269081390667536,8.47952851250568
"cg06706159",0.0406001063729063,0.0203728132337164,5.86572993960953,1.26263794708264e-08,0.000343595351349865,7.72617649624549
"cg05552874",-0.0427158649480681,-0.0214344842033317,-5.59784368235118,5.18739717998073e-08,0.000619888954030218,6.34813908492699
"cg06981309",-0.0434168802313033,-0.02178624814474,-5.58839939553024,5.447495044775e-08,0.000619888954030218,6.30048960200378
"cg01028142",-0.0352623645230772,-0.0176943764631928,-5.50418327000136,8.40388107984749e-08,0.000703663427339538,5.87844199416028
"cg20460771",0.0353541053092999,0.0177404112663153,5.40388359656977,1.39935120681473e-07,0.00088315596945668,5.38252921466648
"cg00008647",-0.0359110560123532,-0.0180198847373815,-5.35005189872246,1.83449138727168e-07,0.00099682810479241,5.11941667215117
"cg02352716",0.0357581649822399,0.017943165224063,5.23744901640394,3.2107230359257e-07,0.00112840166763153,4.57600318849359
"cg03546163",-0.0352639956197782,-0.0176951949346557,-5.1160393056147,5.81155619788327e-07,0.00154289729790145,4.00074403862844
"cg14384158",-0.0360395075549921,-0.0180843407085982,-4.87737444239329,1.80844803655887e-06,0.00219943652267523,2.90269519874902
"cg11322797",-0.0474830885249833,-0.0238266394032174,-4.7125861357843,3.86416553158231e-06,0.0030151571190877,2.17037070507881
"cg14481208",-0.0402617108511123,-0.0202030090292319,-4.66203450861837,4.85783982525283e-06,0.00336372944347576,1.95001310530041
"cg11104088",-0.0492390282048713,-0.0247077560884659,-4.64605364148628,5.22021717135322e-06,0.00340251879701675,1.88077431661486
"cg04715503",-0.050139440561522,-0.0251595759090075,-4.51526813910208,9.33768263952038e-06,0.00431595225185475,1.32181404501647
"cg16651537",-0.0362223930353781,-0.0181761112005481,-4.46398192914629,1.16877121424213e-05,0.00472985386201099,1.10638422083001
"cg23352030",0.0350115138828939,0.0175685015899826,4.31590207679341,2.20946993116546e-05,0.00571260812369028,0.496383263482034
"cg18121224",-0.0386909399440436,-0.019414808574072,-4.3155006002728,2.2132369047405e-05,0.00571555959860031,0.494753829489545
"cg25925210",-0.0415716381934917,-0.0208603202404617,-4.23919644235278,3.05243986089774e-05,0.00643012692984285,0.187478740785357
"cg06860422",-0.0396337305528598,-0.0198878934673848,-4.19481997809637,3.67231048003806e-05,0.00678154216946193,0.0109918648160505
"cg21549285",-0.0487838360639186,-0.0244793442614646,-4.12044070482509,4.98901351916287e-05,0.00757926198968428,-0.281140874635117
"cg02852791",-0.0362954359994722,-0.0182127635839646,-4.11208244835329,5.1623902172173e-05,0.00769015388002318,-0.313679933637781
"cg06218079",-0.0424097489655566,-0.0212808776171252,-3.98592995814458,8.58748415323677e-05,0.00957814894553347,-0.797664960975654
"cg01252526",-0.0407598376333381,-0.0204529651206715,-3.95294204081483,9.78940384354282e-05,0.0100064097246174,-0.922006305392079
"cg03025830",-0.0396479627870948,-0.0198950350902984,-3.90138461748607,0.000119927129673999,0.0108920410102127,-1.1144898699027
"cg19731612",-0.0376826615830459,-0.0189088624431055,-3.87069934401662,0.000135191884188091,0.011460776163453,-1.22797417201027
"cg19051117",0.0351872943980263,0.0176567068663931,3.73068990064612,0.000231314804552808,0.014285275840159,-1.73552799729425
"cg13443627",-0.0381604633574913,-0.0191486196059096,-3.70997473784944,0.000250110765639573,0.0147283041317101,-1.8091883917261
"cg06321045",-0.0361993524933917,-0.0181645496382611,-3.66986720293245,0.000290666887336344,0.0157157137678765,-1.95074852146518
"cg00106345",-0.0356385348408263,-0.0178831357624218,-3.65610920964516,0.000305951350815759,0.0160144485109709,-1.99898583046039
"cg18264486",-0.047106007963185,-0.0236374233507021,-3.61117247301586,0.000361313129228692,0.0172874435677113,-2.15539187343653
"cg17239008",0.0379360442673091,0.0190360078760691,3.57511856862993,0.000412402930336165,0.0181514513984366,-2.27960645479486
"cg00523161",-0.0424703683183512,-0.0213112959303554,-3.53983548415729,0.000468907102624004,0.0193628748560785,-2.40006394170592
"cg00270625",-0.0376730300934105,-0.0189040294375537,-3.53347387761754,0.000479837806077578,0.0195765911512535,-2.42166649429267
"cg16272981",0.0372864872881876,0.0187100653059006,3.51200912008359,0.0005185080857048,0.0203606079108829,-2.4942935754912
"cg01517680",-0.0403340969156484,-0.02023933178563,-3.51051272604822,0.000521310040204338,0.020412012425986,-2.49934159982081
"cg10001720",-0.0380244070237181,-0.0190803476104678,-3.47756813837025,0.000586711198504196,0.021546394722396,-2.60997948817705
"cg22318514",-0.0466177405691062,-0.0233924146224906,-3.44485196021401,0.000659196889225467,0.0226924672334573,-2.71890336936734
"cg13600149",0.0601769261885282,0.0301963070480069,3.38109374069165,0.000825111726857672,0.0254396650975916,-2.92845728432897
"cg20435535",-0.0441164344109397,-0.0221372789158837,-3.3438522109881,0.000939270235389311,0.027086366978666,-3.0491901856578
"cg14341177",0.0642241559653135,0.032227175036358,3.31385110540358,0.00104175666750276,0.0285163367930782,-3.14555265339185
"cg08624648",-0.0419543676802789,-0.021052370878993,-3.26924063719393,0.0012135212913524,0.0308301534750167,-3.28735469132593
"cg06299997",-0.0353343120467492,-0.0177304791632433,-3.2172250939836,0.0014468687257331,0.0336312389379857,-3.45044575639623
"cg18576957",-0.0371062871017388,-0.0186196422732739,-3.18807297888877,0.00159518863876132,0.0353267358002074,-3.54078815257197
"cg25838465",0.0394611885661645,0.0198013132590072,3.09941769586485,0.00213708985113615,0.0412186658360244,-3.81082518821921
"cg02389040",-0.0401673075839115,-0.0201556382141491,-3.07286860617197,0.00232973267422866,0.0430935223278901,-3.8903091475315
"cg18232235",-0.0571091597556893,-0.0286569260422813,-2.99222942997019,0.00301712476458855,0.049188325210488,-4.12780691882924
"cg07455790",-0.0368714769976152,-0.0185018164145739,-2.87962458485178,0.00428989822113294,0.0593753700079979,-4.44952516111433
"cg22718636",-0.0355392155507104,-0.0178332981258045,-2.86449337735626,0.00449402551076302,0.0609070132411822,-4.49187047260634
"cg05857999",-0.0391746539684426,-0.019657532457283,-2.83600160139518,0.00490257333389576,0.0637416516238119,-4.57103471011466
"cg11594666",0.0372649787767215,0.018699272504448,2.72063037934065,0.00692496725787757,0.0771883350591341,-4.88394106801541
"cg10833066",-0.0397604486237467,-0.0199514795961453,-2.70654037200925,0.00721777724161455,0.079003133432166,-4.92131197181461
"cg12296550",0.0365630496974678,0.0183470500274031,2.64041393552989,0.00874671080747555,0.087592014312615,-5.09423657605626
