"X","logFC","AveExpr","t","P.Value","adj.P.Val","B"
"cg03681057",-0.0840515881596874,-0.0493346278328599,-5.49323580293479,1.69577147043518e-06,0.369169449113738,3.81451416900146
"cg00574379",0.0842553270052576,0.049454213676999,4.85493970492641,1.45426370284231e-05,0.478448983280132,1.69389794667311
"cg00008671",0.0865507322665441,0.0508015167651454,4.77369067384619,1.90362944500886e-05,0.478448983280132,1.42939334739647
"cg02073763",-0.0880670152498172,-0.0516915089509796,-4.702818203617,2.40526360548593e-05,0.478448983280132,1.19988388214703
"cg15357118",0.0516629888235781,0.0303239282225349,4.68766103358825,2.52832937189582e-05,0.478448983280132,1.15095242701436
"cg02879423",0.114880557963032,0.0674298927174316,4.57104972995276,3.7059164173495e-05,0.606718478509034,0.776383134817523
"cg22437221",0.0832115495205342,0.0488415616750962,4.48404390022064,4.92030580455126e-05,0.606718478509034,0.499189121417144
"cg15551881",0.109769779332002,0.0644300878687837,4.46141956627264,5.2952003177178e-05,0.606718478509034,0.427444561138122
"cg00782811",0.0486018582379829,0.0285271776614247,4.39232773868726,6.62148640575069e-05,0.666552335366882,0.209233862250549
"cg03608515",-0.0831101558863054,-0.0487820480202227,-4.3838716755865,6.80460223015654e-05,0.666552335366882,0.182621129041971
"cg12870750",0.0583667058349074,0.0342587186422282,4.35062155445279,7.573820705466e-05,0.6763973164359,0.0781799611550689
"cg15843572",0.0703713603534366,0.0413049289031041,4.33483039225144,7.96826462445396e-05,0.6763973164359,0.0286933240482892
"cg14553895",-0.0630952414460049,-0.0370341634574376,-4.32571885728703,8.20490921982704e-05,0.6763973164359,0.000173397918564078
"cg20025658",0.0557908835630927,0.0327468229609457,4.31880859586693,8.38894237196568e-05,0.6763973164359,-0.0214396626535072
"cg08763102",-0.0441806868572669,-0.0259321422857871,-4.30178651931948,8.85962216257729e-05,0.688835623140385,-0.0746174275912157
"cg07170641",-0.0913552334050792,-0.0536215500421117,-4.25298671245678,0.00010356327701448,0.751524180201746,-0.226576177451971
"cg01986630",0.057521976675436,0.0337628993529733,4.20841029460055,0.000119369976952092,0.791337082073882,-0.364729413734132
"cg02782634",-0.0901411556560178,-0.0529089391894016,-4.20609850417079,0.000120250856063596,0.791337082073882,-0.371876865903473
"cg21637826",-0.0779728056495877,-0.0457666467943231,-4.20023589259105,0.000122513202254097,0.791337082073882,-0.389994780370019
"cg06821460",-0.0859585950578892,-0.050453957968761,-4.19528454791305,0.000124456124813658,0.791337082073882,-0.405287820498989
"cg08822136",0.0581226922355042,0.0341154932686655,4.17474483644424,0.000132841148874224,0.791337082073882,-0.468642708827763
"cg15466952",-0.0778347480562505,-0.0456856129895383,-4.16949561672098,0.000135070747812762,0.791337082073882,-0.484811761706219
"cg00293644",-0.100034156332575,-0.0587157004560765,-4.14656398202201,0.000145245257130699,0.791337082073882,-0.555340590512785
"cg23777479",0.0497041948284374,0.0291742013123437,4.12641637724439,0.000154796563665622,0.791337082073882,-0.617161852652932
"cg05711037",0.040031013434936,0.0234964644074624,4.09905608248953,0.000168749864006021,0.791337082073882,-0.700894697865595
"cg10441522",0.0538171689896069,0.0315883383199867,4.07167764429311,0.000183932257706239,0.791337082073882,-0.784425941616873
"cg21291385",0.0645153301991589,0.0378676938125498,4.06917500150198,0.000185384433558879,0.791337082073882,-0.792048505630326
"cg03140624",-0.0854346162174613,-0.0501464051711186,-4.05845423914241,0.000191732175355781,0.802244617038487,-0.824677105820347
"cg01917259",-0.0682293252692597,-0.0400476474406525,-4.03427424299433,0.000206833055756884,0.802244617038487,-0.898120438766055
"cg16871561",0.0743764300333644,0.0436557306717573,4.02310304399909,0.000214193409017279,0.802244617038487,-0.931981360192569
"cg05372265",-0.0402633674520225,-0.0236328461131437,-4.01066386411556,0.00022268810760922,0.802244617038487,-0.969633124667892
"cg22160073",-0.0970619789286838,-0.056971161545097,-4.00267187444605,0.000228317187906802,0.802244617038487,-0.993794462022658
"cg20228385",0.0558948773627941,0.0328078627999009,3.96231003948923,0.000258918892883729,0.802244617038487,-1.115461324614
"cg14405813",-0.0557747041980275,-0.0327373263771031,-3.95679756580337,0.00026339498428192,0.802244617038487,-1.13203173325676
"cg08879111",-0.0661981175267383,-0.0388554168091725,-3.94071810107553,0.000276883533458485,0.802244617038487,-1.18030193364011
"cg27023597",-0.0888571717047127,-0.0521552964353749,-3.94007156718328,0.000277439640217765,0.802244617038487,-1.18224080001485
"cg21811284",-0.0769882542793006,-0.045188757946546,-3.93703779099788,0.000280063566700729,0.802244617038487,-1.1913365914739
"cg02144874",-0.0682497409484766,-0.0400596305567145,-3.93591038757659,0.000281044770022397,0.802244617038487,-1.19471586651231
"cg01044025",0.0586503061886462,0.0344251797194228,3.93240429300702,0.000284117503349213,0.802244617038487,-1.20522197912859
"cg12002047",-0.0369910071386281,-0.0217121128857165,-3.92674058325958,0.000289149949224955,0.802244617038487,-1.22218370213395
"cg09856274",-0.0910208431762262,-0.0534252775164806,-3.91955677970579,0.000295657229391254,0.802244617038487,-1.24368044681182
"cg08616585",-0.0847608077066264,-0.0497509088712807,-3.91426018022723,0.000300545519111595,0.802244617038487,-1.25951746203569
"cg20660269",0.0365865326551055,0.0214747039497358,3.90896262755695,0.000305512831545634,0.802244617038487,-1.27534670063281
"cg06719042",-0.0844761566161737,-0.0495838310573193,-3.90083201399144,0.000313291357241092,0.802244617038487,-1.29962046652598
"cg13462082",0.0687767211853866,0.0403689450435965,3.89267008296045,0.000321292265344751,0.802244617038487,-1.32396237560628
"cg01636910",-0.0838222910306449,-0.0492000403875524,-3.89266056659134,0.000321301708251414,0.802244617038487,-1.32399074208452
"cg19734222",-0.0479142583091623,-0.0281235863988562,-3.87941785621142,0.000334705420610593,0.802244617038487,-1.36343105375673
"cg27492103",0.0715925886441378,0.0420217368128634,3.86857603537872,0.000346079813857133,0.802244617038487,-1.39567056184145
"cg21331947",-0.0956189646966896,-0.0561241749306656,-3.85745917493318,0.000358130138118704,0.802244617038487,-1.42868061280451
"cg26867765",0.0397417464129631,0.0233266772423914,3.85339128427471,0.000362640069434531,0.802244617038487,-1.440747650324
"cg06374185",-0.0483976916603399,-0.0284073407571561,-3.8510546181822,0.00036525539811894,0.802244617038487,-1.44767624085294
"cg10045909",0.0592136708991089,0.0347558503103465,3.83862054622089,0.00037948148635484,0.802244617038487,-1.48450928122871
"cg09188304",0.0486328901674523,0.028545392054809,3.83013008205218,0.000389501330552792,0.802244617038487,-1.5096253600207
"cg08442088",-0.0715783040745025,-0.0420133523915557,-3.81903966849436,0.000402974598359387,0.802244617038487,-1.54238954048844
"cg13982456",0.0822735053540898,0.0482909705339222,3.81759384994888,0.000404763849162784,0.802244617038487,-1.54665729563982
"cg08788930",0.0410972139853371,0.0241222777740022,3.81644147754675,0.000406195436399246,0.802244617038487,-1.55005826338749
"cg17079034",-0.0392591979577804,-0.0230434422795668,-3.81640872318019,0.000406236198311761,0.802244617038487,-1.55015492280317
"cg23213217",0.0948507885578335,0.0556732889361196,3.81289357776015,0.000410633710768146,0.802244617038487,-1.56052577071518
"cg09610644",0.0719308549797579,0.0422202844446404,3.80134024652432,0.000425412950031939,0.802244617038487,-1.59457718325014
"cg17883068",-0.0727327614955845,-0.04269096870393,-3.79850749430533,0.000429114218753002,0.802244617038487,-1.60291806204596
"cg25096745",0.0714575657102648,0.0419424842212424,3.79660282181044,0.000431620296845168,0.802244617038487,-1.60852445081114
"cg11160673",-0.044862812733967,-0.0263325205177632,-3.78891381577021,0.000441881344585269,0.802244617038487,-1.6311421388944
"cg21661022",0.0645893006488899,0.0379111112504354,3.77406537935126,0.000462366151881871,0.825058289054781,-1.67475213085759
"cg20000464",0.0868215682813689,0.0509604857303688,3.76088497881493,0.000481313875618638,0.834504192163676,-1.7133880125265
"cg01232748",0.0993291157435758,0.0583018722842726,3.75603047575554,0.000488479268469807,0.834504192163676,-1.72760019313621
"cg19190593",-0.107410908493505,-0.0630455332461877,-3.75385604470805,0.000491722006924019,0.834504192163676,-1.73396298587696
"cg18766475",0.041427632246145,0.0243162189270851,3.74273615587158,0.000508631864228311,0.834504192163676,-1.76647146923288
"cg09477895",-0.0412889641074652,-0.0242348267587296,-3.74124859869778,0.000510935992754075,0.834504192163676,-1.77081640881682
"cg11958668",0.0489298431521141,0.0287196905458061,3.72950890605738,0.00052947589058878,0.834504192163676,-1.80507422252284
"cg13629388",0.0439873778565345,0.0258186783070963,3.7264873443372,0.000534351460377767,0.834504192163676,-1.81388224371692
"cg00539174",-0.0603325241844453,-0.035412568543044,-3.72501297810966,0.000536746142176775,0.834504192163676,-1.81817872471166
"cg04757345",-0.0604781146055193,-0.0354980237901961,-3.7244131449391,0.000537723350113773,0.834504192163676,-1.81992645187842
"cg25555059",0.0580574350051841,0.0340771901117385,3.71882331391306,0.000546912613101681,0.834504192163676,-1.83620626733423
"cg02050917",0.0605095339800482,0.0355164655969847,3.71577232791809,0.000551991748606198,0.834504192163676,-1.84508645060172
"cg15809077",-0.0466491961164815,-0.0273810498944565,-3.71316040021607,0.000556375984511006,0.835331391917558,-1.8526856196428
"cg08102294",-0.0354956171208831,-0.0208343839622575,-3.70341968090708,0.000573023461100669,0.846779774341402,-1.88100013920875
"cg02606840",0.0592977213903201,0.0348051842943183,3.69529797609681,0.000587269173300727,0.846779774341402,-1.90457795638613
"cg18063989",0.0416830494478981,0.0244661377194185,3.69010594832723,0.000596553900659648,0.846779774341402,-1.91963614218131
"cg15906007",0.0519627700865608,0.0304998867899378,3.68898978158194,0.000598568251305999,0.846779774341402,-1.92287181620061
"cg26275647",0.0411081856268783,0.0241287176505589,3.6749284859535,0.000624511370513965,0.849568735651526,-1.96358902127213
"cg07213487",-0.0911796141721148,-0.0535184691879804,-3.66802858155502,0.000637633586111593,0.849568735651526,-1.98353821263118
"cg19849557",-0.0497628623956959,-0.0292086366235607,-3.66250298842849,0.000648332731965845,0.849568735651526,-1.99949926590567
"cg11348106",-0.102937716471981,-0.0604199640161628,-3.6618188994048,0.000649669260305035,0.849568735651526,-2.00147439287954
"cg01145119",0.0707514680473186,0.0415280355929914,3.65699162576444,0.000659175972626748,0.849568735651526,-2.01540615974955
"cg06575692",0.0422987789425893,0.0248275441619546,3.65417416686894,0.000664786197152268,0.849568735651526,-2.02353286215027
"cg00226984",-0.0368744981978318,-0.0216437272030752,-3.65096827911651,0.000671225643234095,0.849568735651526,-2.03277579134771
"cg20651995",-0.0478512956480033,-0.0280866300542628,-3.64221825998355,0.000689107437880112,0.855187187013268,-2.05798047107589
"cg19311375",-0.038724965444925,-0.0227298710220213,-3.62983601010655,0.00071519533612726,0.855997134417598,-2.0935911644675
"cg00129811",-0.0681801933916376,-0.0400188091646569,-3.62974822186272,0.000715383635597342,0.855997134417598,-2.09384340065761
"cg07748253",0.0624552104145091,0.0366584930693858,3.62587032514617,0.00072374907017425,0.855997134417598,-2.10498215239402
"cg05623815",-0.0350463951165332,-0.0205707101770956,-3.6241818942391,0.00072742062410315,0.855997134417598,-2.10982989804821
"cg20966357",-0.0880164463905788,-0.0516618272292529,-3.60164636833291,0.000778168260467532,0.882483516544756,-2.17441317852966
"cg10118167",0.0651114081302633,0.0382175656416763,3.59921515495444,0.000783841676242083,0.884157165377728,-2.18136729011217
"cg25306932",-0.056665679413912,-0.0332602900907744,-3.58790355351397,0.0008107636055593,0.895955517412486,-2.21368796352592
"cg23791626",-0.0744479620311407,-0.0436977168443652,-3.57452148454503,0.000843758042023976,0.906415279213025,-2.25185111045526
"cg16717225",0.0568601014950791,0.0333744073992855,3.57065129341158,0.000853537584927286,0.906415279213025,-2.26287325568263
"cg13165240",0.0696595733505816,0.0408871408796892,3.56510891028037,0.000867731817811688,0.909633836635786,-2.27864604212606
"cg27658026",-0.0688409814224557,-0.0404066630088326,-3.54965962059138,0.000908501036865297,0.921567063736976,-2.322539421513
"cg12422199",-0.0964888603992205,-0.056634765886499,-3.54790379544603,0.0009132488634302,0.921567063736976,-2.32752112116717
"cg03050981",-0.0477302881495604,-0.0280156039138724,-3.5443616848178,0.000922899255795852,0.921567063736976,-2.33756669314771
"cg07125725",-0.0688525300182566,-0.0404134415324549,-3.54212396613489,0.000929046082011018,0.921567063736976,-2.34391002273467
"cg05921138",-0.073796501016927,-0.0433153375534136,-3.54116263223765,0.000931698798599068,0.921567063736976,-2.34663444720833
"cg17426969",-0.0385611420732122,-0.0226337138255811,-3.53768613929631,0.000941352500095972,0.921567063736976,-2.35648333757227
"cg14477581",-0.0477839609974671,-0.0280471075419915,-3.53323504200295,0.000953852293829855,0.921567063736976,-2.36908524874028
"cg15348679",-0.0462793302009037,-0.0271639546831391,-3.53268013439572,0.000955421699052879,0.921567063736976,-2.37065566581486
"cg24002003",-0.0452366306420445,-0.0265519353768522,-3.53073735796528,0.000960935799119401,0.921567063736976,-2.37615271628552
"cg24475272",-0.0647115178981022,-0.0379828474619296,-3.52337869989759,0.000982098844142955,0.93271623754393,-2.39695827001648
"cg02329430",0.062408522840252,0.0366310894931914,3.52223957026606,0.000985414490744621,0.93271623754393,-2.40017678147581
"cg05399785",0.0569579072918779,0.0334318151495805,3.51686481464725,0.00100120363524476,0.936917127156193,-2.4153546577948
"cg13471712",-0.0401713905002224,-0.0235788596414349,-3.51455827030111,0.00100805337131516,0.936917127156193,-2.42186408537355
"cg10516886",-0.0773774186098174,-0.0454171804883711,-3.50802599398099,0.00102769619610305,0.936917127156193,-2.44028590280103
"cg07375256",0.0652391723711961,0.0382925576961369,3.49724458851768,0.00106091887684185,0.936917127156193,-2.4706477075348
"cg12461469",-0.0471838037764813,-0.0276948413470651,-3.49524069375527,0.00106720588808314,0.936917127156193,-2.47628499963643
"cg05025332",-0.0699029183332913,-0.0410299738043231,-3.49479170149266,0.0010686194277985,0.936917127156193,-2.47754783478285
"cg05613718",0.167983252769776,0.098598865756173,3.49340347554969,0.00107300123345781,0.936917127156193,-2.48145176574159
"cg10383428",0.0435035372659231,0.0255346849169549,3.49258370778742,0.00107559680922656,0.936917127156193,-2.48375667401211
"cg24048338",-0.0433395812960306,-0.0254384498911484,-3.49229910984088,0.00107649931447424,0.936917127156193,-2.48455679370324
"cg18518074",0.0888036900582171,0.0521239050341709,3.48574401088772,0.00109748790285615,0.936919956911024,-2.50297539894096
"cg27203560",0.0613595328330079,0.0360153779672003,3.4843034242565,0.00110215257978208,0.936919956911024,-2.50702049739705
"cg06433467",-0.0372066103944471,-0.0218386626228276,-3.48156199225407,0.00111108179857909,0.936919956911024,-2.51471563448097
"cg03328730",-0.0693518053763703,-0.0407064944600435,-3.47633695097736,0.00112829213395216,0.936919956911024,-2.52937248733388
"cg26020069",-0.0504810060018258,-0.0296301556967238,-3.47579483834835,0.00113009225819423,0.936919956911024,-2.53089244585445
"cg19810954",-0.0746604610331775,-0.0438224445194738,-3.47425315612609,0.00113522652508847,0.936919956911024,-2.53521421463629
"cg23391288",-0.0808984556752154,-0.0474838761571916,-3.4686979135101,0.00115391247800846,0.941483314511216,-2.5507778842094
"cg04918770",-0.0517146794592433,-0.0303542683782514,-3.46583581091021,0.00116365385909542,0.941483314511216,-2.55879075014621
"cg18990407",-0.103300207032894,-0.0606327302149593,-3.4635215658476,0.00117158790835437,0.941483314511216,-2.5652669949338
"cg06324957",0.0423821139767152,0.0248764582037241,3.46048033201989,0.00118209285991074,0.941483314511216,-2.57377383161065
"cg00522231",0.0780930056597462,0.0458371989741988,3.46004836466634,0.00118359222089207,0.941483314511216,-2.5749817627591
"cg13958452",-0.0354736302206403,-0.0208214786077671,-3.45652487856918,0.00119589021408369,0.941483314511216,-2.5848313709504
"cg03448754",0.0717454649424216,0.0421114685531604,3.44419839042061,0.00123987958422908,0.941483314511216,-2.61924285308015
"cg03128029",-0.0745145991156601,-0.0437368299157136,-3.43559989013867,0.00127147411249092,0.941483314511216,-2.64320434590524
"cg15206445",0.03539046291227,0.0207726630137237,3.43556948882219,0.00127158716981057,0.941483314511216,-2.64328900301807
"cg12338137",-0.0627929170438037,-0.0368567121778848,-3.43004501660156,0.00129229162973965,0.941483314511216,-2.65866542307259
"cg24861866",-0.0597295696290523,-0.0350586604344437,-3.42931989826616,0.00129503294816015,0.941483314511216,-2.66068258392175
"cg11198596",0.0681919868158668,0.0400257313919218,3.42553011389704,0.00130945069812514,0.941483314511216,-2.67122105568605
"cg27090988",-0.0519460799224631,-0.0304900903892718,-3.42452610757891,0.00131329586998366,0.941483314511216,-2.67401180256685
"cg08425678",0.0952975145007859,0.0559354976417656,3.41931228263735,0.00133343758229131,0.941483314511216,-2.68849644059176
"cg27296413",-0.0640367813127958,-0.037586806422728,-3.41267463062913,0.00135950586534044,0.941483314511216,-2.70691776128545
"cg16728323",-0.0654255775029129,-0.0384019694038836,-3.41032651431458,0.00136884341923804,0.941483314511216,-2.71342935870844
"cg05515099",0.0697817265146362,0.040958839475982,3.4098053251951,0.00137092425677563,0.941483314511216,-2.71487431606649
"cg02754470",0.0503275971761624,0.0295401113860083,3.40363593020619,0.0013957854889549,0.946562309181335,-2.73196854121128
"cg16158874",0.0745609737558244,0.0437640498132013,3.3955270395965,0.00142911604272962,0.954351418718524,-2.75440875658727
"cg21104276",0.0764294208294583,0.0448607470085952,3.39020458941362,0.00145140375319591,0.962366568867689,-2.76912056106281
"cg26227957",0.0873635740904692,0.0512786195748407,3.37710201850316,0.00150768895729422,0.962366568867689,-2.80527868038042
"cg21686632",-0.0678044382641415,-0.0397982572419961,-3.37625748688345,0.00151138720195111,0.962366568867689,-2.80760639259306
"cg11870455",-0.0952786803787431,-0.0559244428310014,-3.36772964958789,0.00154921775743998,0.962366568867689,-2.83109139308205
"cg24690314",0.106094070872827,0.0622726068166594,3.36695927676277,0.00155267923280191,0.962366568867689,-2.83321118364559
"cg02246876",0.0606198015799365,0.0355811878838758,3.36577427621823,0.00155801809624184,0.962366568867689,-2.83647131245939
"cg00252472",0.045115527851407,0.0264808533040867,3.36145232354307,0.00157763841722725,0.962366568867689,-2.84835585595766
"cg05492387",-0.0907144253213681,-0.0532454235581943,-3.35955684923678,0.00158631719687529,0.962366568867689,-2.85356514828557
"cg12340503",-0.036038133267022,-0.0211528173523825,-3.35164151839648,0.00162305200525622,0.962366568867689,-2.87529954056938
"cg16847428",0.101442302565068,0.059542221070801,3.35110764707871,0.0016255585775444,0.962366568867689,-2.87676436282334
"cg09358973",0.0446688899952997,0.026218696301589,3.35020064393163,0.00162982547407182,0.962366568867689,-2.87925265137706
"cg00362381",-0.0357924500017781,-0.0210086119575654,-3.34945040396152,0.00163336293808283,0.962366568867689,-2.88131056553873
"cg26104475",0.0825560910217061,0.0484568360344797,3.34760697143762,0.0016420859461003,0.962366568867689,-2.88636593238685
"cg03523676",0.0785145321210484,0.0460846166797458,3.3460899318956,0.0016492976749569,0.962366568867689,-2.89052494795222
"cg18527651",0.0551854514197007,0.0323914606159113,3.34603065349192,0.00164958008382441,0.962366568867689,-2.89068743856742
"cg12177944",-0.0443356750584828,-0.0260231136212834,-3.3453382493322,0.00165288217898079,0.962366568867689,-2.89258528880761
"cg16766036",-0.0616634384215481,-0.0361937573343869,-3.34303630842766,0.00166390541531812,0.962366568867689,-2.89889310176939
"cg03238899",-0.0395290099037913,-0.0232018101609208,-3.34009544405901,0.0016780898995015,0.962366568867689,-2.90694787678734
"cg25138412",0.0438640093023615,0.0257462663296469,3.33871061239775,0.00168480898877813,0.962366568867689,-2.9107393240741
"cg00916659",0.107467038689233,0.0630784792306367,3.3362156681857,0.00169697880894303,0.962366568867689,-2.91756767533142
"cg05976481",0.0591520613307486,0.0347196881723959,3.33091555973704,0.00172310933841824,0.962366568867689,-2.93206312708146
"cg05575639",0.0924090702894381,0.0542401064742354,3.32589490153672,0.0017482142448368,0.962366568867689,-2.94578137825809
"cg26692003",-0.0591204382047673,-0.0347011267723634,-3.32495381337794,0.00175295848132334,0.962366568867689,-2.94835136950663
"cg22117188",-0.0615553986281118,-0.0361303426730221,-3.32384131494137,0.00175858260433361,0.962366568867689,-2.95138888903252
"cg11095122",0.0703536477300633,0.0412945323632981,3.31271091914461,0.00181580236245135,0.973925568040715,-2.98174472292168
"cg12058372",0.0752951861906086,0.0441950005901397,3.30513891640408,0.0018557342111068,0.980566353781434,-3.00236020550173
"cg15848159",0.0864835887532558,0.0507621064421285,3.30286107907629,0.00186790877472595,0.982543426677634,-3.00855617648912
"cg07556911",-0.041895145660914,-0.0245906289748843,-3.30213822839819,0.00187178807402188,0.982543426677634,-3.01052186341195
"cg09059267",0.044689207431572,0.026230621753314,3.30107109283744,0.00187752901009598,0.982543426677634,-3.01342330052549
"cg09021952",-0.0436702136428002,-0.0256325167033827,-3.2986878975922,0.00189041040379678,0.986912098097262,-3.01990089764474
"cg09018739",0.0952214139401382,0.0558908299213854,3.29680866415208,0.00190062690940846,0.989871957364167,-3.02500668604028
"cg25653947",0.0406094715029138,0.0238359941430146,3.29501575578078,0.00191042290950832,0.991159456277384,-3.02987626727131
"cg20380468",0.0698939075684459,0.0410246848771313,3.29469057489531,0.00191220473879881,0.991159456277384,-3.03075929180105
"cg02931058",-0.066288454018538,-0.0389084404021853,-3.28487100443016,0.00196675952493986,0.999992545144897,-3.05739894463265
"cg22579028",0.127986459195577,0.0751224869191429,3.27265393182684,0.00203669542236575,0.999992545144897,-3.09047431861422
"cg05279866",0.0975251418110171,0.05724301801951,3.2692646885321,0.00205651065466423,0.999992545144897,-3.09963653726297
"cg22044669",0.0425167725483512,0.0249554969305539,3.2651550304633,0.00208078285862818,0.999992545144897,-3.11073837886333
"cg07148145",0.0664977854291013,0.0390313088388202,3.25764298826523,0.00212585303282275,0.999992545144897,-3.13100902992284
"cg22434923",-0.0537694407829139,-0.0315603239377973,-3.25692286735337,0.00213022179222882,0.999992545144897,-3.1329506954911
"cg04287574",0.0926171029102908,0.0543622125777794,3.25057649970381,0.00216909267745222,0.999992545144897,-3.15005088764218
"cg20898358",-0.0398070946513704,-0.0233650338171087,-3.24728101227157,0.00218954119289093,0.999992545144897,-3.15892233352636
"cg07207789",0.049628349845473,0.0291296836049516,3.24714350024034,0.00219039840972508,0.999992545144897,-3.15929239372588
"cg06573254",0.0977785045212012,0.0573917309146181,3.24494962560825,0.00220411753659889,0.999992545144897,-3.16519503277668
"cg16176675",-0.0462183017365022,-0.027128133627947,-3.24490825830085,0.00220437700165629,0.999992545144897,-3.16530630797384
"cg08989478",0.0640407815131287,0.0375891543664016,3.24102823400089,0.00222884233376874,0.999992545144897,-3.17573936769545
"cg23280999",0.0394815542401969,0.0231739557496808,3.23858187792285,0.0022443995914782,0.999992545144897,-3.18231340525077
"cg00101457",0.0474813593069702,0.0278694935062652,3.23824975232904,0.00224651960354079,0.999992545144897,-3.18320567963422
"cg18942579",-0.0589085875144284,-0.0345767796280341,-3.23556489125694,0.00226372722521024,0.999992545144897,-3.19041661071038
"cg20208600",0.0592670119407593,0.0347871591826196,3.23222008158554,0.00228533903965717,0.999992545144897,-3.19939477759668
"cg06967124",0.0404779876815285,0.0237588188565493,3.23100386523587,0.00229324566174169,0.999992545144897,-3.20265791404484
"cg02424715",-0.0464534943205565,-0.0272661814490222,-3.22996125413854,0.00230004427129542,0.999992545144897,-3.20545465095205
"cg04193065",-0.05780874073129,-0.0339312173857571,-3.22772736764132,0.00231467514043185,0.999992545144897,-3.21144500190465
"cg01943692",0.0506407836915364,0.0297239382537279,3.22620053560137,0.00232472574989695,0.999992545144897,-3.21553783233778
"cg17448192",-0.079139631026365,-0.0464515225589533,-3.22434240553911,0.00233701286892514,0.999992545144897,-3.22051710162161
"cg08305696",0.0363554789504568,0.0213390854709202,3.21931038861446,0.00237059684525829,0.999992545144897,-3.23399245206522
"cg14920846",0.055108651439166,0.032346382366467,3.21347549534292,0.00241011060388116,0.999992545144897,-3.24960126565102
"cg01833057",0.0392988486779027,0.0230667155283342,3.21240961900692,0.00241739562689331,0.999992545144897,-3.2524506452794
"cg06430309",0.0369642833292222,0.0216964271715001,3.2120939902106,0.00241955686984633,0.999992545144897,-3.25329429327192
"cg25718604",0.0649168062715248,0.0381033428115472,3.2100956273019,0.0024332829503834,0.999992545144897,-3.25863452871975
"cg01885559",0.0430343507260735,0.0252592928174779,3.2091782929743,0.00243960842956994,0.999992545144897,-3.26108522418794
"cg02927202",0.0375602592514222,0.0220462391258348,3.20803796494862,0.00244749323209477,0.999992545144897,-3.26413104029239
"cg11826008",0.0490646475274145,0.0287988148530476,3.20633033734951,0.00245934568402365,0.999992545144897,-3.26869083617608
"cg27093918",-0.0484715767077817,-0.028450708067611,-3.20350979293614,0.0024790416442319,0.999992545144897,-3.27621904310647
"cg01480180",0.109566824521729,0.0643109622192756,3.20103973112464,0.00249641251106775,0.999992545144897,-3.28280835197875
"cg08726863",-0.0753098985063994,-0.0442036360798431,-3.20073284323289,0.00249857873467831,0.999992545144897,-3.28362680308658
"cg09208942",-0.066614456890638,-0.0390997899140701,-3.20057383277098,0.00249970183717201,0.999992545144897,-3.28405085468103
"cg25966016",-0.0418883212118499,-0.0245866233199988,-3.19653088947639,0.00252841819749045,0.999992545144897,-3.29482816145668
"cg21400802",0.0420406847086137,0.0246760540680993,3.19249539957128,0.00255739221131957,0.999992545144897,-3.3055769970178
"cg00101629",-0.0747662478292331,-0.0438845367693325,-3.19078439064449,0.00256977134733135,0.999992545144897,-3.31013180192186
"cg13498610",-0.03594814195772,-0.0210999963664878,-3.18997332624872,0.0025756591442278,0.999992545144897,-3.31229036134311
"cg07480446",-0.0372714516802738,-0.0218767216384215,-3.18502925101584,0.00261182634483442,0.999992545144897,-3.32544094534358
"cg07750741",0.0539775576968496,0.0316824795177161,3.18396735130745,0.00261965673050213,0.999992545144897,-3.32826376761081
"cg13876325",-0.0458462246038854,-0.0269097405283676,-3.18383607896289,0.00262062626305208,0.999992545144897,-3.3286126841637
"cg15251256",0.10900660261453,0.0639821363172239,3.18076796575725,0.00264338302303161,0.999992545144897,-3.33676499943116
"cg26017506",0.0575005422773337,0.0337503182932177,3.17980608198057,0.00265055582034575,0.999992545144897,-3.33931980149811
"cg16636767",-0.0749258761075896,-0.0439782316283679,-3.17870944588364,0.00265875588477043,0.999992545144897,-3.342231911349
"cg26878655",-0.058001461889353,-0.0340443363263593,-3.17660452782965,0.0026745624904753,0.999992545144897,-3.34781971563739
"cg05235171",-0.0493783166681552,-0.0289829250008737,-3.17561815198946,0.00268200003440761,0.999992545144897,-3.35043737947099
"cg26872907",-0.117165158653234,-0.0687708539921156,-3.17538438501215,0.00268376556077391,0.999992545144897,-3.35105767902084
"cg04099818",0.0552169340515117,0.0324099395519743,3.16212762773819,0.00278570153493219,0.999992545144897,-3.38618673299375
"cg18563860",-0.0650146498324615,-0.0381607727277491,-3.16124332233281,0.00279262963324701,0.999992545144897,-3.38852671111274
"cg20858107",-0.0395309672421012,-0.0232029590334072,-3.15766950437497,0.00282079465519811,0.999992545144897,-3.39797919496061
"cg24129923",0.0491645498582847,0.0288574531776889,3.1544517863517,0.00284638227647262,0.999992545144897,-3.4064839622061
"cg09842053",0.0355434430320569,0.0208624556927291,3.15331768077616,0.00285545285242426,0.999992545144897,-3.40948019799303
"cg01582937",-0.0563051834800667,-0.0330486946513435,-3.15202938353548,0.00286578971886545,0.999992545144897,-3.41288296030144
"cg26315985",-0.062208466766304,-0.036513665275874,-3.15000328978177,0.00288211782638675,0.999992545144897,-3.41823265000696
"cg03741889",0.037587874574918,0.0220624481200606,3.14902235104995,0.00289005459979476,0.999992545144897,-3.42082192346703
"cg02646515",-0.0720925093513055,-0.042315168532288,-3.14341881560303,0.00293578928132177,0.999992545144897,-3.43560301176563
"cg10207609",-0.0736485460139013,-0.0432284943994638,-3.14045496408234,0.00296025450217853,0.999992545144897,-3.44341425818361
"cg15969901",-0.0463497624564659,-0.0272052953548822,-3.13860925926217,0.00297558689062169,0.999992545144897,-3.4482762268025
"cg20376123",-0.0356379354391968,-0.0209179186273547,-3.13749819219419,0.00298485264773439,0.999992545144897,-3.45120211999294
"cg08706567",-0.067146099998293,-0.0394118413033458,-3.13496426057809,0.00300608621118365,0.999992545144897,-3.45787249942219
"cg07093155",0.0628083427084871,0.0368657663723728,3.12937103416453,0.00305346055847237,0.999992545144897,-3.47258393170126
"cg02349866",-0.0529679959995066,-0.0310899106953626,-3.12856680198037,0.00306032991922751,0.999992545144897,-3.47469784725723
"cg19143336",0.0408173334909372,0.0239580000925065,3.12482582077337,0.00309247533762059,0.999992545144897,-3.48452636128744
"cg14150666",0.0679987211948694,0.0399122928752494,3.12277377424843,0.00311024290632552,0.999992545144897,-3.4899143832329
"cg18456331",-0.0383314949472356,-0.0224989209472905,-3.1222649987394,0.00311466296856466,0.999992545144897,-3.49124991182206
"cg07789940",0.0370772158299663,0.0217627136393281,3.11536644549349,0.00317518199438772,0.999992545144897,-3.50934460854064
"cg10356204",-0.0366318179031553,-0.0215012844214172,-3.11316039780401,0.00319476746907918,0.999992545144897,-3.51512553091987
"cg05994982",0.0353537879504892,0.0207511364057219,3.11092436366294,0.00321473517343893,0.999992545144897,-3.52098232128894
"cg02578470",0.0539451750625641,0.031663472319331,3.10970092823983,0.00322571006593998,0.999992545144897,-3.5241856800909
"cg05206657",-0.0576077948447851,-0.0338132708871564,-3.10748838105808,0.00324564744165104,0.999992545144897,-3.52997678258873
"cg17150809",-0.0548847141486915,-0.0322149409133624,-3.10533251827959,0.00326518553238121,0.999992545144897,-3.53561694340273
"cg10480329",-0.076918745094514,-0.0451479590772146,-3.10335860690093,0.00328317164587417,0.999992545144897,-3.54077885161406
"cg03040848",-0.035904080698312,-0.0210741343229222,-3.10223350749528,0.00329346512362318,0.999992545144897,-3.54372010530508
"cg06541857",0.0351820593262565,0.0206503391697592,3.09998162184684,0.0033141587803233,0.999992545144897,-3.54960493736587
"cg05584070",-0.0792336182154776,-0.0465066889525629,-3.09823889672075,0.00333025741117923,0.999992545144897,-3.55415727486134
"cg12486521",0.0747011808401468,0.0438463452757384,3.09625061130063,0.00334871426366261,0.999992545144897,-3.5593490266728
"cg02072495",-0.0623466108895393,-0.036594749869947,-3.09538735783585,0.00335675758916961,0.999992545144897,-3.56160245212422
"cg23719713",-0.067266469153448,-0.0394824927639803,-3.09352650909387,0.00337415780618774,0.999992545144897,-3.56645859346061
"cg21642988",-0.0525239604646481,-0.0308292811422935,-3.09087083380234,0.00339913715932125,0.999992545144897,-3.57338564427654
"cg08316365",0.0390017278819886,0.0228923185394281,3.09067470161646,0.0034009888629755,0.999992545144897,-3.57389708055584
"cg18770149",-0.0732784103247324,-0.0430112408427777,-3.08803481123265,0.00342600481619145,0.999992545144897,-3.58077882293005
"cg12387247",-0.0482944214449729,-0.0283467256307449,-3.0848680479522,0.00345624172823048,0.999992545144897,-3.58902896280434
"cg01400750",0.116111662313482,0.0681524974448697,3.08431220121833,0.00346157488241528,0.999992545144897,-3.59047649919981
"cg18898103",0.0499775113317544,0.0293346262164646,3.08208238472267,0.00348304704968466,0.999992545144897,-3.59628167324002
"cg08640498",0.0355062044080622,0.0208405982395147,3.07841823389796,0.00351860334316758,0.999992545144897,-3.60581506890488
"cg23329411",0.0449082446200092,0.0263591870595706,3.07799482690807,0.00352273392865163,0.999992545144897,-3.60691621137632
"cg16662477",0.0754807273728175,0.0443039051970885,3.07769725609579,0.00352563963415519,0.999992545144897,-3.60769003590975
"cg00760938",-0.0378373931899425,-0.0222089046984444,-3.07624486905293,0.00353985418891823,0.999992545144897,-3.61146622389527
"cg23192604",0.0418290447239071,0.024551830598815,3.07475970162721,0.00355444524609205,0.999992545144897,-3.6153264320313
"cg01041239",-0.0669129227258658,-0.0392749763825734,-3.07199677048443,0.00358174019664851,0.999992545144897,-3.62250451653355
"cg06235429",0.0389852111775685,0.0228826239520511,3.07118568993197,0.00358979016233587,0.999992545144897,-3.6246108966225
"cg24560920",0.0750261395486763,0.0440370819090056,3.07109010231616,0.0035907399872436,0.999992545144897,-3.6248591140686
"cg19364351",0.0480015821309175,0.0281748416855385,3.06880724172764,0.0036134943496599,0.999992545144897,-3.6307856321403
"cg05365532",-0.0527987473973764,-0.0309905691245469,-3.06174390796223,0.00368475883719171,0.999992545144897,-3.64910435190751
"cg12824060",0.0675949490948472,0.0396752962078451,3.06120324419292,0.00369026782049108,0.999992545144897,-3.65050541631635
"cg09174690",0.0402401052603848,0.023619192218052,3.06046502562381,0.00369780223884933,0.999992545144897,-3.65241815690213
"cg04544267",-0.0528901627197474,-0.0310442259441996,-3.05472794077636,0.00375685041003988,0.999992545144897,-3.66727270940535
"cg10624395",-0.0754811070036622,-0.0443041280238887,-3.05449226824543,0.00375929486477068,0.999992545144897,-3.66788252359603
"cg10692528",0.0578066552520223,0.0339299933001,3.0537492968625,0.00376701092763346,0.999992545144897,-3.66980479521432
"cg26130053",0.0422976866429518,0.0248269030295586,3.0516042530457,0.00378937159387759,0.999992545144897,-3.67535288293842
"cg14543226",0.0557977060161973,0.0327508274442897,3.05092902826765,0.00379643610861584,0.999992545144897,-3.67709879788372
"cg16805291",0.104579967668525,0.0613838940663079,3.04874258537233,0.00381939660235092,0.999992545144897,-3.6827504879575
"cg18323589",0.0501272924845501,0.0294225412409316,3.04754664461601,0.0038320106098567,0.999992545144897,-3.68584071748745
"cg13363969",0.0388559437841471,0.0228067496124341,3.04123790174154,0.00389920069807568,0.999992545144897,-3.7021288082157
"cg05445326",-0.0743993845049348,-0.0436692039485486,-3.0400422289107,0.00391205894088169,0.999992545144897,-3.70521331206812
"cg16434190",0.0844730569710085,0.0495820117003746,3.03916107077415,0.00392156034648284,0.999992545144897,-3.70748594123022
"cg26470175",0.0687708963075477,0.0403655260935606,3.03869920507179,0.00392654922308412,0.999992545144897,-3.70867698267258
"cg08541649",-0.0380819437629368,-0.0223524452521585,-3.03746453617998,0.00393991483614307,0.999992545144897,-3.71186031028194
"cg04060561",-0.0631815310875309,-0.0370848117252899,-3.03728820139925,0.0039418271851686,0.999992545144897,-3.71231488154203
"cg25573640",0.111672061448263,0.0655466447631107,3.03727896023094,0.00394192742955745,0.999992545144897,-3.71233870375372
"cg09099177",0.0388505300842129,0.0228035720059511,3.03004168883895,0.00402117281507333,0.999992545144897,-3.73098043464979
"cg15888569",0.0683173257272312,0.0400992998833748,3.03003619541872,0.00402123352937749,0.999992545144897,-3.73099457336531
"cg12102235",0.086672050145782,0.0508727250855677,3.02305650590613,0.00409907252806324,0.999992545144897,-3.74894481778598
"cg08893087",-0.0537643308016794,-0.0315573246009857,-3.01949840182284,0.00413929466211465,0.999992545144897,-3.75808488888722
"cg02042585",0.0431173167968625,0.0253079902938107,3.01912875897557,0.00414349438620086,0.999992545144897,-3.75903401781493
"cg19380581",-0.0404746592114039,-0.0237568651893023,-3.01891348995681,0.00414594202045891,0.999992545144897,-3.75958672665728
"cg13580265",0.0461213237151381,0.0270712117458419,3.01858008675361,0.00414973552899157,0.999992545144897,-3.76044269629277
"cg12047086",-0.0457016906869015,-0.0268249054031813,-3.01657550318678,0.00417261262376634,0.999992545144897,-3.76558787748486
"cg02960777",-0.0506781615971875,-0.0297458774592187,-3.01343892290496,0.00420864576948109,0.999992545144897,-3.77363399130728
"cg11232448",0.0385946887079794,0.0226534042416401,3.01132052418474,0.004233146731452,0.999992545144897,-3.77906505482443
"cg23889013",-0.0727042827206492,-0.0426742529012507,-3.01006064118923,0.00424778157898577,0.999992545144897,-3.78229388196677
"cg22675702",-0.0662381739049579,-0.0388789281616057,-3.00970506517336,0.00425192053117148,0.999992545144897,-3.78320498864523
"cg03750061",0.0628702888569452,0.036902126068207,3.00966626866809,0.00425237235617418,0.999992545144897,-3.78330439413648
"cg03567939",-0.0684370657140899,-0.0401695820495745,-3.00785008491933,0.00427357407803405,0.999992545144897,-3.78795691298757
"cg09188212",0.0375100739337313,0.0220167825263206,3.00768753943969,0.00427547641709296,0.999992545144897,-3.78837321434768
"cg20426042",0.0646196206488429,0.0379289077721469,3.00674865435334,0.00428648012085096,0.999992545144897,-3.79077753412765
"cg01447475",-0.0871070240652694,-0.0511280358643973,-3.00517192157622,0.00430501907585311,0.999992545144897,-3.7948141408416
"cg19604369",0.0459456454093952,0.026968096218558,3.00490838693553,0.00430812498604496,0.999992545144897,-3.79548867998441
"cg13733787",0.0377146035150516,0.022136832497965,3.00399915849869,0.00431885689368263,0.999992545144897,-3.79781562314961
"cg23755933",-0.048417826198813,-0.028419158855825,-3.00164884855603,0.00434671445330563,0.999992545144897,-3.8038284715794
"cg25616055",0.0440127565672816,0.0258335745068827,3.00136850757181,0.00435004846459442,0.999992545144897,-3.80454546369772
"cg06329316",-0.0378186624371786,-0.0221979105609527,-3.00049920695211,0.00436040202722071,0.999992545144897,-3.80676847716944
"cg09923954",-0.0649368410982765,-0.038115102383771,-3.00017462029282,0.00436427383883295,0.999992545144897,-3.80759841378875
"cg21385052",-0.0460918910151839,-0.0270539360306514,-2.99947303759627,0.00437265362503997,0.999992545144897,-3.80939208729859
"cg17338146",-0.0428302498293709,-0.0251394944650656,-2.99818160496822,0.00438811804859182,0.999992545144897,-3.81269304255178
"cg13584784",-0.0365314079514908,-0.0214423481454403,-2.99740193895633,0.00439747903023749,0.999992545144897,-3.81468544009553
"cg13924996",0.0622948938892463,0.0365643942393402,2.99554058835715,0.0044199027950155,0.999992545144897,-3.81944062425891
"cg12819826",0.0504418594619387,0.0296071783798336,2.99453820414948,0.00443202285543499,0.999992545144897,-3.82200059035951
"cg08608126",0.0409395485047722,0.0240297349919315,2.99421209093359,0.0044359726684081,0.999992545144897,-3.82283331957089
"cg05317600",-0.0704756934418849,-0.041366167889802,-2.99283210673496,0.00445272323902076,0.999992545144897,-3.8263564320786
"cg20098659",0.109550001901044,0.064301088072352,2.99174616163318,0.00446594629883465,0.999992545144897,-3.82912809384378
"cg13059136",0.112296539302852,0.0659131861125435,2.989300619702,0.00449585924315672,0.999992545144897,-3.83536738710686
"cg17306706",0.0449507001899809,0.0263841066332497,2.98907040108473,0.0044986848255511,0.999992545144897,-3.83595456573481
"cg13924998",0.0731644724148378,0.0429443642434917,2.98753827842537,0.00451753166648008,0.999992545144897,-3.83986151097191
"cg19919989",-0.0415265266135168,-0.0243742656209772,-2.98367626748599,0.00456536711081939,0.999992545144897,-3.84970374605
"cg01604404",-0.0383021350892213,-0.0224816879871516,-2.98308389648812,0.00457274608858555,0.999992545144897,-3.85121263089382
"cg04848957",0.0763550168548737,0.0448170751104693,2.98212109543909,0.00458476320539586,0.999992545144897,-3.85366464350814
"cg01678292",-0.0538199380813544,-0.0315899636564472,-2.9809193228261,0.0045998044776404,0.999992545144897,-3.85672450931198
"cg12145018",0.0391377234599304,0.0229721420308288,2.97951509915378,0.00461743808315786,0.999992545144897,-3.86029878935757
"cg08146841",0.0755148554315232,0.0443239368837201,2.97799615131165,0.00463658352063291,0.999992545144897,-3.86416380880343
"cg03443331",0.0389628633568475,0.0228695067529322,2.97753336187533,0.00464243144782015,0.999992545144897,-3.86534112990976
"cg17344040",0.0362871164803795,0.0212989596732662,2.97704401725403,0.00464862243608283,0.999992545144897,-3.86658587243515
"cg01101459",0.0516014498264366,0.0302878075068215,2.97643230054019,0.00465637248538587,0.999992545144897,-3.86814169811378
"cg10128479",-0.0489299731282744,-0.028719766836161,-2.97568990384225,0.0046657943955271,0.999992545144897,-3.87002960268192
"cg21645089",0.037822179988363,0.0221999752105609,2.97342123232654,0.00469469717870981,0.999992545144897,-3.87579683522564
"cg03272310",-0.0414029328661832,-0.0243017214649336,-2.97285356061116,0.00470195543505383,0.999992545144897,-3.87723946013701
"cg21235678",-0.0588695201923922,-0.0345538488085779,-2.95869370335405,0.00488643416624083,0.999992545144897,-3.91316369351265
"cg06834916",0.0399343021701868,0.0234396990998922,2.95762871536656,0.00490057914416641,0.999992545144897,-3.91586092637891
"cg25256099",-0.0364475660734548,-0.0213931366083321,-2.95737916245955,0.00490389918879974,0.999992545144897,-3.91649285932516
"cg20666585",-0.041943467051557,-0.0246189915302617,-2.95666885939855,0.00491336054705203,0.999992545144897,-3.91829133389525
"cg01244342",0.0359235709623587,0.0210855742605149,2.95624765938244,0.00491897905551627,0.999992545144897,-3.91935766650115
"cg21026199",-0.0391066187764727,-0.0229538849340166,-2.95605340321253,0.00492157231659953,0.999992545144897,-3.91984942117625
"cg01599714",0.0616837171451167,0.0362056600634382,2.95474397712342,0.004939086108434,0.999992545144897,-3.92316362941596
"cg00502509",-0.0519489506754441,-0.0304917753964563,-2.95407384822125,0.0049480717004841,0.999992545144897,-3.92485936657763
"cg01243312",0.0565779486616247,0.0332087959535623,2.95388703084508,0.00495057940895662,0.999992545144897,-3.92533205476366
"cg07754940",-0.076174445204139,-0.0447110874024294,-2.95347507423748,0.00495611342829243,0.999992545144897,-3.9263743220431
"cg06710464",0.0391557628464017,0.0229827303663662,2.9531636138801,0.00496030126669273,0.999992545144897,-3.9271622642034
"cg01360605",0.0469217324168276,0.0275410168533553,2.95166551822166,0.00498049060970269,0.999992545144897,-3.93095140587995
"cg26509250",0.0915521794484709,0.0537371488067111,2.94995599500427,0.00500362304924098,0.999992545144897,-3.93527371859994
"cg16691087",0.0706566048429848,0.0414723550165346,2.94984195735739,0.00500516971607758,0.999992545144897,-3.93556198786198
"cg27366072",-0.06595225449581,-0.0387111058997146,-2.94949166751294,0.00500992341080601,0.999992545144897,-3.9364474182677
"cg26700447",0.0591161450803816,0.0346986068950066,2.94725493727242,0.00504037707106943,0.999992545144897,-3.94209953530024
"cg01240599",-0.0533564170688307,-0.0313178969751833,-2.9471282616203,0.00504210695471713,0.999992545144897,-3.94241955185298
"cg03226114",0.0423239227141653,0.0248423024626622,2.94570951076784,0.00506151934023602,0.999992545144897,-3.94600305719894
"cg08220243",0.105082347071544,0.0616787689332975,2.94532272007407,0.00506682378687505,0.999992545144897,-3.94697981638108
"cg00979931",-0.0467986306292373,-0.0274687614562914,-2.9450362853617,0.0050707552965664,0.999992545144897,-3.94770309129171
"cg03290827",0.0735672530428553,0.0431807789599367,2.9443438030399,0.00508027185389468,0.999992545144897,-3.94945147752691
"cg17631150",-0.0512610320085026,-0.0300879970484689,-2.93938554058556,0.00514890032626669,0.999992545144897,-3.96196197722439
"cg13235761",0.0491843810736724,0.0288690932388946,2.9393562921952,0.00514930771560634,0.999992545144897,-3.96203573308246
"cg07458272",0.0747177093043077,0.0438560467655718,2.93761197197391,0.00517365814222101,0.999992545144897,-3.96643349326096
"cg06470558",-0.0571834724633655,-0.0335642120980623,-2.93757693121326,0.00517414840496378,0.999992545144897,-3.96652181941071
"cg16571825",0.0486305532088477,0.0285440203617149,2.93720936466035,0.00517929372057027,0.999992545144897,-3.96744828968368
"cg16471167",-0.0467812511026115,-0.0274585604297938,-2.93675050841255,0.00518572364087529,0.999992545144897,-3.96860474947183
"cg03766264",0.120585547406891,0.0707784734779575,2.93662418446888,0.00518749511683098,0.999992545144897,-3.96892310330834
"cg25138484",-0.0463228352336975,-0.027189490245866,-2.93496085264058,0.00521087322322005,0.999992545144897,-3.97311405960291
"cg03169557",0.0541246679525817,0.0317688268417328,2.93436394902699,0.00521928664164228,0.999992545144897,-3.97461763250564
"cg17418387",0.0464154164443529,0.0272438313912507,2.93392591799821,0.00522546879737205,0.999992545144897,-3.9757208800086
"cg06015525",0.0403340834594054,0.0236743533348683,2.93370323622106,0.0052286142383879,0.999992545144897,-3.97628169474829
"cg00540400",0.0697650424483567,0.0409490466544702,2.93318266732366,0.00523597431083527,0.999992545144897,-3.97759261251014
"cg05591701",0.0637706575054281,0.0374306033184035,2.92924645149664,0.00529194028039428,0.999992545144897,-3.98749981440963
"cg17417049",0.0383665573447719,0.0225195010501923,2.92841186764573,0.00530387806450873,0.999992545144897,-3.98959924159017
"cg06422947",0.0399626471613324,0.0234563363773038,2.92829123552673,0.00530560564807674,0.999992545144897,-3.98990266245498
"cg02787737",0.0529531623236519,0.0310812039725783,2.92793246580119,0.0053107467247976,0.999992545144897,-3.99080501033014
"cg24710951",-0.0368315958197566,-0.0216185453724658,-2.92691802561656,0.00532530854749332,0.999992545144897,-3.99335603762733
"cg15636519",0.0404766185073454,0.0237580152108331,2.92691648386594,0.00532533070693445,0.999992545144897,-3.99335991423024
"cg16802508",0.0390383032122497,0.0229137866680596,2.92287412957935,0.00538372778043461,0.999992545144897,-4.00351927757472
"cg04074536",0.0472825478024314,0.0277527997970793,2.92174918636492,0.00540008496657801,0.999992545144897,-4.00634481049289
"cg08817540",-0.111454204516465,-0.065418772216186,-2.92169941690977,0.00540080970660658,0.999992545144897,-4.0064697998272
"cg20411935",0.038881893171868,0.0228219807747921,2.92087525730781,0.00541282426856784,0.999992545144897,-4.0085393547652
"cg16395997",0.0748225222754078,0.043917567422522,2.92039919561602,0.00541977562677837,0.999992545144897,-4.00973461576075
"cg08929197",0.0686830260366341,0.0403139500649809,2.91752652026502,0.00546189884769009,0.999992545144897,-4.01694428962282
"cg19557110",0.0600410535458578,0.0352414879508296,2.91593055960602,0.0054854327801028,0.999992545144897,-4.02094763969332
"cg08902698",0.0382498953396784,0.0224510255254634,2.91363399634698,0.00551946368981274,0.999992545144897,-4.02670576622207
"cg17721355",-0.0371982987766711,-0.0218337840645679,-2.91307724150005,0.00552774337646288,0.999992545144897,-4.02810123808369
"cg10310700",-0.0472962513648512,-0.0277608431924127,-2.9106052107266,0.00556464578377448,0.999992545144897,-4.03429502298563
"cg12894917",0.0409973494145151,0.0240636616128675,2.91016902071691,0.00557118100077936,0.999992545144897,-4.03538754243434
"cg00335124",0.0964444173724978,0.0566086797621183,2.90966977022275,0.00557866980056094,0.999992545144897,-4.03663787078231
"cg00254470",0.0407041763171863,0.023891581751392,2.90630024449484,0.00562945882291316,0.999992545144897,-4.04507269690956
"cg24998197",-0.0377018784578464,-0.0221293634426489,-2.90362574240967,0.00567007809270994,0.999992545144897,-4.05176291383888
"cg02007288",-0.0833170781748688,-0.0489035024069882,-2.90232981033681,0.00568985825555874,0.999992545144897,-4.05500314117283
"cg18951352",-0.0402998990866119,-0.0236542885943157,-2.89710867661731,0.0057702028509188,0.999992545144897,-4.06804749580025
"cg20313873",0.0465839805625464,0.0273427711997555,2.89475390656106,0.00580678352487977,0.999992545144897,-4.07392530609313
"cg00294149",-0.0481343326857127,-0.0282527604894401,-2.89374222755062,0.0058225658942998,0.999992545144897,-4.07644957652854
"cg20433382",-0.0480819895411052,-0.0282220373393443,-2.89138331034249,0.00585952069576955,0.999992545144897,-4.08233301902201
"cg27090678",-0.0358486744695347,-0.0210416132755964,-2.88889277717246,0.00589877431207122,0.999992545144897,-4.08854113793375
"cg22680073",-0.0663555095045627,-0.038947799057026,-2.88812400494404,0.00591094039063907,0.999992545144897,-4.09045670079497
"cg24931346",-0.0459839563991747,-0.0269905831038635,-2.88636528413606,0.00593886063515357,0.999992545144897,-4.09483761212276
"cg21486834",-0.0479922952187693,-0.0281693906718863,-2.88483352588972,0.00596327774641689,0.999992545144897,-4.09865166656337
"cg07986058",-0.0496593263883639,-0.0291478654888223,-2.88465844065671,0.00596607464892663,0.999992545144897,-4.09908753705168
"cg05729490",-0.0494115320796083,-0.0290024210032483,-2.88436471468195,0.00597076952274934,0.999992545144897,-4.09981871978034
"cg05089897",0.099469624665244,0.0583843449122085,2.87741379789249,0.00608288048400674,0.999992545144897,-4.11710686711157
"cg05783449",0.0414556347502983,0.0243326551795229,2.87723135749445,0.00608584926450437,0.999992545144897,-4.11756023974867
"cg09556902",-0.0489497440982308,-0.0287313715359182,-2.87365532727182,0.0061443134474646,0.999992545144897,-4.12644281812527
"cg07249939",0.0431962594489759,0.0253543261983119,2.87145788010752,0.00618049801615656,0.999992545144897,-4.13189730850165
"cg24667756",-0.0384019524820915,-0.0225402764568798,-2.87127147649038,0.00618357655899748,0.999992545144897,-4.13235986541122
"cg01407861",0.0749225865120279,0.0439763007787989,2.87093076899904,0.00618920718848809,0.999992545144897,-4.13320527055918
"cg03339817",-0.07655047392829,-0.0449317999144311,-2.86963750915839,0.00621062340160735,0.999992545144897,-4.13641363217512
"cg14531665",0.0941998364528055,0.0552912083527336,2.8669417248931,0.00625548696780749,0.999992545144897,-4.14309819927237
"cg05468843",0.0497213687263043,0.0291842816437003,2.86663004182913,0.00626069342519759,0.999992545144897,-4.14387077908975
"cg06264663",0.0356245618018239,0.0209100688836793,2.86658230778937,0.00626149114615069,0.999992545144897,-4.14398909399262
"cg01119319",0.0521656088199916,0.0306189443073864,2.86613422205413,0.0062689840671037,0.999992545144897,-4.14509966495074
"cg01807408",0.0389649510537196,0.0228707321402267,2.86474838067065,0.00629221100287084,0.999992545144897,-4.14853368058073
"cg04460609",0.064228034630153,0.037699063804655,2.86368072346769,0.00631015965501855,0.999992545144897,-4.15117847219352
"cg00994936",0.0497658547254509,0.0292103929910256,2.86255611852469,0.00632911713644015,0.999992545144897,-4.15396359378643
"cg00754253",0.0728807229411816,0.0427778156393892,2.86252079377645,0.00632971346299183,0.999992545144897,-4.15405106439187
"cg01350996",0.0403321692803832,0.0236732297950076,2.86219729699941,0.00633517692873911,0.999992545144897,-4.15485206732145
"cg12940993",-0.0466196249707468,-0.0273636929176122,-2.86033892265695,0.00636664762204098,0.999992545144897,-4.15945232656777
"cg13373343",-0.0479446358559015,-0.0281414166980292,-2.86013428501742,0.00637012193170449,0.999992545144897,-4.15995876399142
"cg17768768",-0.0493727762180689,-0.0289796729975621,-2.85807830421322,0.00640512601795166,0.999992545144897,-4.16504550914092
"cg11166303",0.0815884318067625,0.0478888621474475,2.85761314020253,0.00641307042399165,0.999992545144897,-4.16619602827037
"cg10181820",0.054256773763722,0.0318463672091412,2.85650108575128,0.00643210002147748,0.999992545144897,-4.16894601381943
"cg16291589",0.0985146108687307,0.0578237933359941,2.85606375680569,0.00643959800811663,0.999992545144897,-4.17002727506889
"cg01012879",0.109966497028625,0.0645455526037584,2.85397443039928,0.00647553164846046,0.999992545144897,-4.17519137916573
"cg03400695",-0.0637494842041221,-0.0374181755111152,-2.85385674746977,0.00647756117098641,0.999992545144897,-4.17548217306457
"cg15291905",0.0377420115037851,0.0221529197957,2.85333130741758,0.00648662995631669,0.999992545144897,-4.17678043079989
"cg02212339",-0.0485774686192671,-0.0285128620156567,-2.85313215163345,0.00649007034969326,0.999992545144897,-4.17727246157814
"cg23709430",-0.0650925150678482,-0.0382064762354761,-2.85238471995667,0.00650299727345429,0.999992545144897,-4.1791188397996
"cg18812353",0.107121376754125,0.062875590703508,2.85083357046277,0.00652990097029787,0.999992545144897,-4.18294956430607
"cg07723258",0.0607028825200678,0.0356299527835181,2.84884021810562,0.00656462622176554,0.999992545144897,-4.1878702224193
"cg24843003",0.0385126080451424,0.0226052264612792,2.84583854290026,0.00661724075250699,0.999992545144897,-4.19527543144726
"cg24675730",0.0401550082685437,0.0235692439837104,2.84501318676588,0.00663177641786097,0.999992545144897,-4.19731065134992
"cg01608493",0.0640956499220868,0.0376213597368771,2.84449351726392,0.00664094372542203,0.999992545144897,-4.19859187677246
"cg25225070",-0.0496281034972243,-0.0291295390092403,-2.84301665274056,0.00666706086202616,0.999992545144897,-4.20223213821948
"cg19821988",0.0426150591740368,0.0250131869064998,2.84106040978304,0.00670180226768123,0.999992545144897,-4.20705196691564
"cg08883485",0.0465239789460335,0.0273075528596283,2.84035314174128,0.00671440413575441,0.999992545144897,-4.20879397698895
"cg18473335",0.0897447004951133,0.0526762372471317,2.83988829528542,0.0067226985944642,0.999992545144897,-4.20993873460809
"cg25381017",0.0476276054222768,0.0279553336174233,2.83864294961644,0.0067449667479689,0.999992545144897,-4.2130049491581
"cg18780100",0.0639147501054387,0.037515179409714,2.83795103966313,0.00675736843405804,0.999992545144897,-4.21470812160462
"cg05434641",0.0843874432891134,0.049531760191436,2.83702729607927,0.00677395846755585,0.999992545144897,-4.21698151212604
"cg09481056",0.0447519809661623,0.0262674670888344,2.83540693833295,0.00680315075102555,0.999992545144897,-4.22096806314744
"cg18973101",-0.0374508174495835,-0.0219820015464947,-2.83514254397188,0.00680792513348102,0.999992545144897,-4.22161839892572
"cg00158539",0.0432026032066641,0.0253580497082593,2.83388609532882,0.00683065637737383,0.999992545144897,-4.22470832925728
"cg04944536",0.052423125691282,0.0307700955144481,2.8312673674646,0.00687826010579429,0.999992545144897,-4.23114537273744
"cg02742418",-0.0368905210111133,-0.0216531318978273,-2.82759932878711,0.00694545617468036,0.999992545144897,-4.24015469712956
"cg23589035",0.0616050675257315,0.0361594961564076,2.82703860822797,0.00695578171758949,0.999992545144897,-4.24153120047967
"cg08998657",-0.0522729781618957,-0.0306819654428518,-2.82682997329373,0.00695962731708945,0.999992545144897,-4.24204332596945
"cg13290785",-0.0420800618053151,-0.0246991667118154,-2.82568784001531,0.00698071431691466,0.999992545144897,-4.24484639235782
"cg09282946",0.0422968900293476,0.0248264354520083,2.82375310215315,0.00701657032641631,0.999992545144897,-4.24959288561649
"cg22221074",0.0455936617362107,0.0267614971060367,2.82300715097694,0.00703044042687182,0.999992545144897,-4.25142231865706
"cg18918831",0.118610094248132,0.0696189683630337,2.8219344961966,0.0070504297864611,0.999992545144897,-4.2540523922622
"cg11986760",-0.0560008775243225,-0.0328700802860154,-2.81636252229507,0.00715511656389316,0.999992545144897,-4.26770318135265
"cg03074946",0.0638141100428167,0.0374561080686097,2.81551482347114,0.00717116895130509,0.999992545144897,-4.26977829832665
"cg13022222",0.0404261399886103,0.023728386515054,2.81491882092966,0.00718247509429104,0.999992545144897,-4.27123701457501
"cg06516865",-0.0611852845906682,-0.0359131018249574,-2.81373264930888,0.00720502591152146,0.999992545144897,-4.27413952333399
"cg19009764",0.0379180099074922,0.0222562232065715,2.81358632044369,0.00720781237598034,0.999992545144897,-4.27449752387516
"cg27246571",0.0494640939922423,0.029033272560664,2.8131787692434,0.00721557842845026,0.999992545144897,-4.27549454825813
"cg16411445",-0.0391944583618798,-0.0230054429515382,-2.81302934236941,0.00721842776070698,0.999992545144897,-4.27586007744928
"cg06253072",-0.0351783058142771,-0.0206481360214235,-2.81007816931839,0.00727491608883116,0.999992545144897,-4.28307645975098
"cg04162032",0.0784838469437292,0.0460666058147976,2.80917431362424,0.00729229855855745,0.999992545144897,-4.28528555410707
"cg27549186",-0.0549510347171539,-0.0322538682035468,-2.80902541501901,0.00729516578732905,0.999992545144897,-4.28564942598254
"cg05157625",-0.0767322240484899,-0.0450384793328093,-2.80753170449878,0.00732398692164603,0.999992545144897,-4.28929893834537
"cg19498794",0.0885246530268772,0.0519601224288192,2.80704791720944,0.00733334419403046,0.999992545144897,-4.29048065975102
"cg00013899",0.0408828599280977,0.0239964612621443,2.80572578459273,0.00735897303711118,0.999992545144897,-4.29370943045203
"cg20849025",-0.0400155434715785,-0.0234873842115787,-2.8048670947863,0.00737566271706036,0.999992545144897,-4.2958058563638
"cg08908131",-0.076313793388284,-0.0447928787279058,-2.80438202233699,0.00738510618515654,0.999992545144897,-4.29698992389638
"cg21967368",0.0468348763866294,0.0274900361399782,2.80313444220781,0.00740944575975855,0.999992545144897,-4.30003461817383
"cg23750338",0.0726607187442855,0.042648682741211,2.80239993240086,0.00742381036382864,0.999992545144897,-4.30182672766265
"cg04255937",0.0683937875330324,0.0401441796389539,2.80054018376456,0.00746029639426563,0.999992545144897,-4.30636279333007
"cg26232553",0.0591767869796447,0.0347342010532697,2.79790723113382,0.00751223588206889,0.999992545144897,-4.31278112567674
"cg17953136",0.0959593539335635,0.0563239686131786,2.79754667234341,0.00751937453685039,0.999992545144897,-4.31365972569449
"cg19169932",0.0516281637102638,0.0303034873951548,2.79554677736033,0.00755908439123784,0.999992545144897,-4.31853156374753
"cg07519229",0.0368926025785101,0.0216543536873864,2.7939996452596,0.0075899373389342,0.999992545144897,-4.32229876079534
"cg07017125",0.0705616649537305,0.0414166294293636,2.79290809035068,0.00761177527040321,0.999992545144897,-4.32495576071023
"cg05708073",0.0762286204916636,0.044742885940759,2.79221300824629,0.00762571156838678,0.999992545144897,-4.32664730675799
"cg05241732",0.0394974843661688,0.0231833060410121,2.79107254608924,0.0076486288660487,0.999992545144897,-4.32942208073648
"cg01799818",0.0698573316398094,0.0410032163972794,2.79021106395668,0.00766598238915423,0.999992545144897,-4.33151755730161
"cg15143938",0.0470300722332701,0.0276046076151803,2.7897075250014,0.00767614244917043,0.999992545144897,-4.33274215779483
"cg11849692",0.0482816332220722,0.0283392194999119,2.78846673513595,0.0077012314767324,0.999992545144897,-4.33575907558306
"cg11503875",0.049503192492315,0.0290562216802718,2.78737917889732,0.00772328449387337,0.999992545144897,-4.33840263202463
"cg27518631",-0.0393688706695311,-0.0231078153929857,-2.78692320206493,0.0077325479844939,0.999992545144897,-4.33951077165731
"cg00464927",-0.0412497156072861,-0.0242117895955809,-2.78536104815704,0.00776436227021615,0.999992545144897,-4.34330622911996
"cg18538958",0.0357760703731769,0.0209989978277343,2.78505731751067,0.00777056199370935,0.999992545144897,-4.34404400741055
"cg13771313",-0.0522411685647231,-0.0306632945923375,-2.78420567741312,0.00778797003970933,0.999992545144897,-4.34611238353143
"cg07636761",0.0511637335890448,0.0300308871066133,2.78393645377877,0.00779348063978032,0.999992545144897,-4.34676615300922
"cg15928106",-0.0708907111770286,-0.041609765256082,-2.78103702467443,0.00785305668716677,0.999992545144897,-4.35380414345754
"cg05669832",-0.0625319611358796,-0.0367035424058423,-2.77799814385526,0.00791595020145512,0.999992545144897,-4.36117505036526
"cg25134567",-0.036322428580655,-0.0213196863408192,-2.77680185984892,0.00794083640656962,0.999992545144897,-4.36407510793462
"cg20626045",-0.035752365329488,-0.020985083997743,-2.77581772271693,0.00796136357655594,0.999992545144897,-4.36646020941976
"cg14284394",-0.0438283035228942,-0.0257253085895249,-2.77395783568715,0.00800029126702058,0.999992545144897,-4.37096609081603
"cg03458695",-0.0523734840872227,-0.0307409580511958,-2.770540018347,0.00807228601508672,0.999992545144897,-4.37924071664448
"cg00501765",0.113085712211717,0.0663763962981819,2.77020034886135,0.0080794736309477,0.999992545144897,-4.38006266911632
"cg13414750",-0.0751701262934356,-0.0441215958678861,-2.77018729659313,0.00807974994303405,0.999992545144897,-4.38009425234297
"cg03400731",0.0697732600428017,0.0409538700251227,2.76957595742148,0.00809270157943481,0.999992545144897,-4.38157342174007
"cg24517899",-0.0375706430891654,-0.0220523339871189,-2.76742967071569,0.00813832428392646,0.999992545144897,-4.38676464332299
"cg15241519",-0.0369867773898464,-0.0217096302070838,-2.76685586018674,0.00815056175349053,0.999992545144897,-4.3881520330267
"cg01747796",0.082181542331744,0.0482369922381976,2.76662548454848,0.00815547968393461,0.999992545144897,-4.38870898991294
"cg09411597",0.0495335742684138,0.029074054461895,2.76447215418195,0.00820158061965984,0.999992545144897,-4.3939132913867
"cg18689929",0.0431676010944612,0.0253375049902272,2.76423358946542,0.00820670287922973,0.999992545144897,-4.39448969170029
"cg00819078",0.0527643038739724,0.0309703522738533,2.76361051085476,0.00822009504653971,0.999992545144897,-4.39599495550052
"cg00118978",0.0366244724527109,0.0214969729613737,2.76294994906274,0.00823431491837538,0.999992545144897,-4.39759050897254
"cg01004980",0.0722927412099158,0.0424326959275593,2.76135323581419,0.00826878121923996,0.999992545144897,-4.40144616607205
"cg15537056",0.060851741212577,0.0357173263639039,2.75878874332116,0.00832441694227541,0.999992545144897,-4.40763543838748
"cg22089361",-0.0357599048784229,-0.0209895093851613,-2.75829350445262,0.00833520073930935,0.999992545144897,-4.4088301996989
"cg24131359",0.103106987451872,0.0605193187217509,2.75776935689623,0.00834662808134631,0.999992545144897,-4.41009453638647
"cg27106643",-0.0526147322457061,-0.0308825602311753,-2.75768782868778,0.00834840684064354,0.999992545144897,-4.41029118144981
"cg03479289",0.0926720874359268,0.054394486103696,2.75552376060246,0.00839575009805088,0.999992545144897,-4.41550937101823
"cg26766885",-0.0479177771537389,-0.0281256518076294,-2.75535320739771,0.00839949181103005,0.999992545144897,-4.41592049945702
"cg13290254",-0.0607002827464447,-0.0356284268294349,-2.75532173826157,0.00840018237082142,0.999992545144897,-4.41599635565813
"cg09547119",0.046065413910646,0.0270383951214661,2.75451742113776,0.00841785014580966,0.999992545144897,-4.41793494825302
"cg09190408",0.0479728593230733,0.0281579826461517,2.75413318664681,0.00842630242156533,0.999992545144897,-4.41886090068752
"cg18975055",-0.0439813056101744,-0.0258151141624937,-2.75281775819372,0.00845529822616053,0.999992545144897,-4.42203020427568
"cg12290779",0.0363375825390875,0.0213285810555513,2.75271813842984,0.0084574978807533,0.999992545144897,-4.42227017728315
"cg21717724",-0.0987143942506643,-0.0579410574949552,-2.75231011807944,0.00846651269313819,0.999992545144897,-4.42325298849087
"cg04851465",-0.0539539813338716,-0.0316686412177072,-2.75000213655366,0.00851767261391302,0.999992545144897,-4.42881033464331
"cg03235479",0.0357927781929148,0.0210088045914935,2.74975982311108,0.00852306038958424,0.999992545144897,-4.42939360340549
"cg13589463",0.107953287314671,0.0633638860325244,2.74946708695839,0.00852957349904292,0.999992545144897,-4.43009819484503
"cg16533146",0.0735321952497359,0.0431602015596276,2.74596369719121,0.00860787818375609,0.999992545144897,-4.43852639752224
"cg02980235",0.0655763473833746,0.0384904647685026,2.74313863186224,0.0086715044210466,0.999992545144897,-4.44531713475366
"cg16620233",-0.0367813418454039,-0.0215890484744762,-2.74263930912808,0.00868279523990627,0.999992545144897,-4.44651685889306
"cg19868934",0.0356952743541776,0.020951574077452,2.74066603541549,0.00872754835556953,0.999992545144897,-4.45125651836764
"cg08155249",0.0626839628811011,0.0367927608215159,2.74058831886964,0.00872931528841872,0.999992545144897,-4.4514431378143
"cg05473536",0.0412070083347803,0.024186722283458,2.73957957042086,0.00875227977475135,0.999992545144897,-4.45386508456812
"cg11588197",-0.0388932378644776,-0.0228286396161064,-2.73922498914511,0.00876036516906999,0.999992545144897,-4.45471626193172
"cg11198639",0.0381058328422952,0.0223664671030863,2.73877055988951,0.00877073744177167,0.999992545144897,-4.45580701031497
"cg10531355",0.0746344876062062,0.043807199247121,2.73637233715359,0.00882566447485699,0.999992545144897,-4.46156121900737
"cg12058385",0.12664928264259,0.0743376224206509,2.73617570279854,0.00883018208719678,0.999992545144897,-4.46203285597853
"cg05847519",0.0732153050431163,0.0429742007861769,2.73432730348167,0.00887275290908334,0.999992545144897,-4.46646514205089
"cg26076054",0.0710865582351792,0.041724718964127,2.73431095851459,0.00887313019628045,0.999992545144897,-4.466504326143
"cg26404226",0.0487100537900505,0.0285906837463339,2.73378221883978,0.00888534296276938,0.999992545144897,-4.46777179287128
"cg10574006",-0.0398147356442653,-0.0233695187477209,-2.73017104331288,0.0089691690290792,0.999992545144897,-4.47642360540552
"cg18700744",-0.051522089933073,-0.0302412266998472,-2.72700778783206,0.00904319631679888,0.999992545144897,-4.48399552004664
"cg15657936",0.0395089532227179,0.0231900377611605,2.72396994872855,0.00911481862917195,0.999992545144897,-4.49126128251416
"cg09929238",0.0806096798568503,0.0473143773072817,2.72379126965715,0.00911904754205873,0.999992545144897,-4.49168845740534
"cg16713732",0.0361304796594509,0.0212070206696776,2.72366032478214,0.00912214784761347,0.999992545144897,-4.49200149952452
"cg17413460",-0.0515778495225877,-0.0302739551545623,-2.72299800286607,0.00913784415397688,0.999992545144897,-4.49358470718358
"cg14886850",0.0542615483400994,0.0318491696778845,2.72259245096341,0.00914746758038054,0.999992545144897,-4.49455399759073
"cg06746096",0.0466107758147405,0.0273584988477825,2.72013923913426,0.00920587986329249,0.999992545144897,-4.50041508702801
"cg14162417",-0.0422889574849529,-0.0248217793933419,-2.71956542681874,0.00921959217208968,0.999992545144897,-4.50178546128156
"cg17647904",0.0833562646416665,0.048926503159239,2.7192509427136,0.00922711533773329,0.999992545144897,-4.50253642151357
"cg21382567",0.0392939510321283,0.0230638408232058,2.71895584522793,0.00923417987809659,0.999992545144897,-4.50324103131908
"cg10967114",-0.0598465537407243,-0.0351273250217294,-2.71857031085769,0.00924341696106097,0.999992545144897,-4.50416149596878
"cg02244028",-0.0610664603120073,-0.0358433571396564,-2.718427288523,0.00924684582270507,0.999992545144897,-4.50450293837616
"cg20242066",0.0489718468587783,0.0287443448953698,2.71754529366871,0.00926801696241279,0.999992545144897,-4.50660827064423
"cg00566961",-0.035755999522273,-0.0209872171108994,-2.71750229557149,0.00926905021712203,0.999992545144897,-4.50671089503115
"cg02083319",-0.0373050271562694,-0.0218964289830277,-2.71674601303395,0.00928724123638613,0.999992545144897,-4.50851573781615
"cg19513582",0.108926239648688,0.0639349667503169,2.71482388203774,0.00933362283976827,0.999992545144897,-4.51310120873488
"cg04868238",0.0752741139818281,0.0441826321197686,2.71424477003297,0.00934763877891124,0.999992545144897,-4.51448229018087
"cg27098685",0.0734374767710637,0.0431046059308417,2.71017478432965,0.00944669093305173,0.999992545144897,-4.52418250108769
"cg00441899",0.0509787185605484,0.0299222913290176,2.70985886154856,0.00945441992052375,0.999992545144897,-4.52493501703078
"cg23641108",0.0355750746279728,0.020881022064245,2.70762385137891,0.00950926561170328,0.999992545144897,-4.53025691598895
"cg19991780",0.0566631263503535,0.0332587915534685,2.70474372072756,0.00958037432608736,0.999992545144897,-4.53711026617404
"cg22571135",0.0462512947638712,0.0271474991005331,2.70418054664291,0.00959433587578635,0.999992545144897,-4.53844973816147
"cg07720865",0.0660520877741546,0.0387697036935255,2.70314645323193,0.00962002070692646,0.999992545144897,-4.54090873517462
"cg12389043",0.0586856962696442,0.0344459521582694,2.70291483708985,0.00962578226600303,0.999992545144897,-4.54145940785656
"cg15252509",-0.0377788781497119,-0.0221745589139613,-2.70062489343248,0.00968291693634783,0.999992545144897,-4.54690196425522
"cg04836151",0.0711593385108407,0.0417674378215805,2.70033486841639,0.00969017537003427,0.999992545144897,-4.54759103456573
"cg00155732",0.0534741648032073,0.0313870097757956,2.69768708902803,0.00975667315753793,0.999992545144897,-4.55387941537192
"cg13537646",0.0485113495339144,0.0284740529872976,2.69667438683548,0.00978221759439634,0.999992545144897,-4.55628336563398
"cg02057211",0.0773452966147423,0.0453983262738705,2.6966728894917,0.00978225540898936,0.999992545144897,-4.55628691954137
"cg27443224",-0.0492828605783582,-0.0289268964264276,-2.69577509511825,0.00980495295546734,0.999992545144897,-4.55841755426632
"cg21354781",-0.0390478779471425,-0.0229194066211489,-2.69531817535331,0.00981652315590666,0.999992545144897,-4.55950171334876
"cg04585209",0.0539288721470719,0.0316539032167596,2.69429259419056,0.00984253887244312,0.999992545144897,-4.56193468221873
"cg27149179",-0.0404880641693788,-0.0237647333168093,-2.6918866801453,0.00990381845956715,0.999992545144897,-4.56763955720077
"cg07467649",0.0905419843868737,0.0531442082270781,2.69176207004194,0.00990700187166992,0.999992545144897,-4.56793493055112
"cg12970512",0.0450877416527751,0.0264645440135854,2.69127897454758,0.00991935240751448,0.999992545144897,-4.56907995691094
"cg26421997",0.037798896082332,0.0221863085700644,2.68901249298881,0.00997748532861277,0.999992545144897,-4.57444995001375
"cg26250129",0.101585286032775,0.059626146149672,2.6888882876049,0.00998068011094101,0.999992545144897,-4.57474413595508
"cg14792180",-0.0536935826843239,-0.0315157985321031,-2.68883423132049,0.00998207082819264,0.999992545144897,-4.57487216757392
