"X","logFC","AveExpr","t","P.Value","adj.P.Val","B"
"cg14067233",-0.0708739047818048,0.0596832882373094,-5.19450579061013,2.90771881408957e-06,0.633010385827298,3.64447705114258
"cg07198258",-0.0543214806187106,0.0457444047315459,-4.75880281160071,1.38778720254622e-05,0.999995587728954,2.11608733566827
"cg00608965",-0.0837365882320731,0.0705150216691142,-4.49178091770228,3.53044404918731e-05,0.999995587728954,1.20755019419161
"cg20381115",0.118130346459445,-0.099478186492164,4.28395126396734,7.19419479341715e-05,0.999995587728954,0.517679790257235
"cg06918928",-0.0379642519660781,0.0319698963924868,-4.17933540434171,0.000102388619587513,0.999995587728954,0.17668258827625
"cg24862787",-0.077340549756815,0.0651288840057389,-4.16689849787917,0.000106748709136932,0.999995587728954,0.136437300065511
"cg11998141",0.039783299975286,-0.0335017262949777,4.14662789019801,0.000114243127645835,0.999995587728954,0.0709786792890288
"cg22063692",-0.0518802030070033,0.0436885920058974,-4.12043722766856,0.000124683469159708,0.999995587728954,-0.0133450967744553
"cg10805039",0.0943650126495931,-0.0794652738101835,4.0899384066058,0.000138006281137152,0.999995587728954,-0.111177227077285
"cg25108325",-0.0396325646142486,0.0333747912541041,-4.06919998365859,0.000147840821240152,0.999995587728954,-0.177475458764928
"cg02600973",-0.0566053083416388,0.0476676280771695,-4.0666064716407,0.000149117356497789,0.999995587728954,-0.185753683216905
"cg07100532",0.135160899057389,-0.113819704469381,4.05324468562246,0.000155864681930518,0.999995587728954,-0.228357375975623
"cg18435832",0.12972925295797,-0.109245686701449,4.02575207555125,0.000170687543829832,0.999995587728954,-0.315774246633158
"cg00025823",-0.102355457062744,0.0861940691054685,-4.02027729488145,0.000173797627066205,0.999995587728954,-0.333142895383542
"cg17472120",-0.0373835769074779,0.0314809068694552,-3.93109570093313,0.000232854826569772,0.999995587728954,-0.614203087426713
"cg13501538",-0.0692367776107076,0.0583046548300697,-3.90776986994089,0.000251241767061091,0.999995587728954,-0.687125618393263
"cg15287987",-0.0358331534027449,0.0301752870759957,-3.89260642832134,0.000263935800271222,0.999995587728954,-0.734396902114471
"cg03547181",0.0675409092087695,-0.0568765551231743,3.86865477082077,0.000285252865953276,0.999995587728954,-0.808848848226325
"cg10055593",-0.0672946859936126,0.056669209257779,-3.84514081209689,0.000307785208654938,0.999995587728954,-0.881680525811619
"cg08254359",0.0965668029425909,-0.081319413004287,3.83580472149347,0.000317197855046633,0.999995587728954,-0.910526037689496
"cg02805994",0.0424013847616776,-0.0357064292729917,3.78617434813027,0.000372062393973399,0.999995587728954,-1.06317408178662
"cg01447475",-0.0746624074201637,0.0628736062485589,-3.77964074592155,0.000379930294437549,0.999995587728954,-1.08318171368195
"cg04626491",0.0883193373544503,-0.0743741788248003,3.76735159467795,0.000395163655193964,0.999995587728954,-1.12075855164235
"cg06850241",-0.0568040180706474,0.0478349625858084,-3.76463950385464,0.000398603537937762,0.999995587728954,-1.12904153245814
"cg21667061",-0.110916812664241,0.0934036317172558,-3.75643993467648,0.000409178973595457,0.999995587728954,-1.15406207154634
"cg18952546",-0.0614292919838872,0.0517299300916945,-3.74929002693747,0.000418619680086377,0.999995587728954,-1.17585292373515
"cg14304364",0.076287226909748,-0.0642418752924194,3.74587287884253,0.000423205065602038,0.999995587728954,-1.18625859634366
"cg25481705",-0.101124502312461,0.0851574756315462,-3.74367615272179,0.000426178175022195,0.999995587728954,-1.19294490811163
"cg21080921",0.0466705322271628,-0.039301500822874,3.73411108786136,0.000439358726299497,0.999995587728954,-1.22203115081182
"cg06830064",-0.0468586637511387,0.03945992736938,-3.7061827404954,0.000480115956101023,0.999995587728954,-1.30670033628736
"cg10871120",0.123649534547666,-0.104125923829613,3.67320770814399,0.000532902343548791,0.999995587728954,-1.40617068179918
"cg19584864",0.0493305213553449,-0.0415414916676589,3.67240945026632,0.000534246582765949,0.999995587728954,-1.40857190749667
"cg12931620",-0.0570927797351918,0.0480781303033194,-3.63012391143065,0.000610277128594639,0.999995587728954,-1.53530991684085
"cg01749436",0.0712513923043125,-0.0600011724667895,3.61883461478785,0.000632261478613402,0.999995587728954,-1.56899224327404
"cg15973954",0.0965255625098207,-0.0812846842187964,3.61844856340732,0.000633026473148156,0.999995587728954,-1.57014289714609
"cg05727648",0.0350142556851177,-0.0294856889979938,3.59600792345875,0.000679045160707425,0.999995587728954,-1.63689704487512
"cg16872841",0.0905125911581106,-0.0762211293963037,3.57454986693011,0.00072602159051178,0.999995587728954,-1.70048460443831
"cg18909235",-0.0827996532038727,0.0697260237506296,-3.57385976184791,0.000727582658044188,0.999995587728954,-1.70252564558325
"cg06058073",-0.069816625512163,0.0587929477997161,-3.56985825202383,0.000736697629185936,0.999995587728954,-1.71435553221985
"cg21481503",0.0891439668924864,-0.0750686036989359,3.56892105138783,0.000738848142702545,0.999995587728954,-1.7171250218769
"cg25979373",-0.0374048744080872,0.0314988416068103,-3.56568119762951,0.000746328551332328,0.999995587728954,-1.72669546528335
"cg09177567",0.0526314384420968,-0.0443212113196604,3.56156062801892,0.000755946751309663,0.999995587728954,-1.73885958309726
"cg08787769",-0.0468889323128012,0.0394854166844641,-3.56108802017516,0.000757057430499501,0.999995587728954,-1.74025417532287
"cg06764842",-0.0864697240426204,0.0728166097201014,-3.5573099715357,0.000765992330067212,0.999995587728954,-1.75139839798326
"cg26676534",-0.0714315854596455,0.0601529140712803,-3.55351936880655,0.000775057855696583,0.999995587728954,-1.76257212115406
"cg26966707",0.0569547963510524,-0.0479619337693072,3.55083634033707,0.000781536220413188,0.999995587728954,-1.77047643504514
"cg13780207",-0.0720541082886622,0.0606771438220313,-3.53198169343037,0.000828538744079619,0.999995587728954,-1.825915953176
"cg05769153",-0.104464356780495,0.0879699846572588,-3.52772000201344,0.000839529526300652,0.999995587728954,-1.83842082135993
"cg09180512",-0.0819928633609717,0.0690466217776604,-3.52722889772665,0.000840804952990618,0.999995587728954,-1.83986122503985
"cg11889769",0.0536769142841393,-0.0452016120287489,3.5172743479533,0.000867058608327966,0.999995587728954,-1.8690301851158
"cg18181954",-0.0685279345762964,0.0577077343800391,-3.51343745245277,0.000877384675539756,0.999995587728954,-1.88025902467375
"cg07930539",0.0909774125155058,-0.0766125579077944,3.50525736206638,0.00089979141873535,0.999995587728954,-1.9041721757871
"cg09794680",0.0386858107810648,-0.0325775248682651,3.50242864299666,0.000907665683749392,0.999995587728954,-1.91243314548376
"cg00119073",-0.0677502813029202,0.057052868465617,-3.49456497694552,0.000929901498819168,0.999995587728954,-1.93537560405011
"cg25815682",-0.0537947684291187,0.0453008576245209,-3.48562640977249,0.000955805721045143,0.999995587728954,-1.96141377280931
"cg22331862",0.0725245892881071,-0.0610733383478797,3.48079146852527,0.000970101955083996,0.999995587728954,-1.97548008793292
"cg04219247",0.054888631944889,-0.0462220058483276,3.47879580927547,0.000976061900422343,0.999995587728954,-1.98128238966069
"cg22332722",-0.103653894972673,0.0872874905033033,-3.47474725758807,0.00098825979874638,0.999995587728954,-1.9930467849008
"cg09248714",0.0721112043456988,-0.0607252247121675,3.4688944799355,0.00100615001184774,0.999995587728954,-2.01003827100105
"cg01978213",0.0706368895196751,-0.0594836964376211,3.46602374527906,0.0010150370752213,0.999995587728954,-2.01836565543625
"cg25673948",0.0494009598466017,-0.0416008082918751,3.45962454546933,0.0010351165150188,0.999995587728954,-2.03691225508892
"cg16902863",-0.0453072130056187,0.0381534425310474,-3.45812738240397,0.00103986848587843,0.999995587728954,-2.04124822215828
"cg27569863",-0.094103992091393,0.0792454670243309,-3.4543081386618,0.00105208472427651,0.999995587728954,-2.05230369134439
"cg04018214",-0.0756721177393082,0.0637238886225754,-3.45057513160608,0.00106415674753379,0.999995587728954,-2.06310185079731
"cg04106201",-0.054587645029104,0.0459685431824034,-3.44587002197559,0.00107955983764736,0.999995587728954,-2.07670109582652
"cg00337916",0.12341451515522,-0.10392801276229,3.44553776642703,0.00108065550455375,0.999995587728954,-2.07766096151552
"cg11320910",0.0444592275430997,-0.0374393495099787,3.44482556822137,0.00108300765226395,0.999995587728954,-2.0797182546435
"cg20449833",0.0788188224998879,-0.0663737452630635,3.43803603629977,0.00110567650469631,0.999995587728954,-2.09931691620922
"cg00338529",-0.0395678063430869,0.0333202579731258,-3.43634741380618,0.00111138400443401,0.999995587728954,-2.10418737191813
"cg02974204",0.0962389917516309,-0.0810433614750576,3.43324066154493,0.00112195786567377,0.999995587728954,-2.11314402066799
"cg12369091",-0.0876438391866987,0.0738053382624831,-3.42997209142486,0.00113318549574094,0.999995587728954,-2.12256146266323
"cg07280731",0.110953799232612,-0.0934347783011466,3.42342774634336,0.0011559867071375,0.999995587728954,-2.14139944580712
"cg02168584",-0.0884813876067526,0.07451064219516,-3.4204803561661,0.00116639727552443,0.999995587728954,-2.14987584241878
"cg14700504",-0.0504376258055081,0.0424737901520067,-3.41923295384165,0.0011708299938429,0.999995587728954,-2.15346180266932
"cg02571201",-0.116238140296951,0.0978847497237483,-3.41660279949928,0.00118022882137765,0.999995587728954,-2.16102000409463
"cg15768620",-0.0527867455929615,0.0444519962888097,-3.41513874137818,0.00118549157316285,0.999995587728954,-2.16522557192903
"cg15987431",-0.0388712751988982,0.0327337054306511,-3.41466416530407,0.00118720227091715,0.999995587728954,-2.16658855723298
"cg11256186",-0.0722629399157511,0.0608530020343167,-3.41149692410789,0.00119867926867115,0.999995587728954,-2.17568170386079
"cg03379894",-0.0449804150857129,0.0378782442827055,-3.4041615429443,0.00122566548325406,0.999995587728954,-2.19672024986632
"cg02616906",-0.0438915890753295,0.0369613381686986,-3.39674417785569,0.00125353830330598,0.999995587728954,-2.21796357746171
"cg02504902",0.0657040046653174,-0.0553296881392146,3.39455036640773,0.00126189660070904,0.999995587728954,-2.22424079082772
"cg06710927",0.0595152732224448,-0.0501181248189009,3.38935995125853,0.00128188257129137,0.999995587728954,-2.23908159725294
"cg06572849",0.0768686266800231,-0.0647314750989668,3.38542798541699,0.00129722207871635,0.999995587728954,-2.25031415463527
"cg23621013",-0.055077625456924,0.0463811582795149,-3.38249055021169,0.0013087949992527,0.999995587728954,-2.25869997442723
"cg21218854",0.0636952792546981,-0.0536381298986932,3.38017218064897,0.00131799790471585,0.999995587728954,-2.2653150735854
"cg09527270",0.0722132407646715,-0.0608111501176182,3.3727357488351,0.00134793260123259,0.999995587728954,-2.28651344436326
"cg08723318",-0.101789101917338,0.0857171384567053,-3.36628853647762,0.00137440521399654,0.999995587728954,-2.30486683239819
"cg11802635",0.0366140567542695,-0.0308328898983322,3.35780459912134,0.00140999126808399,0.999995587728954,-2.32898258118592
"cg19560710",0.0359525286852659,-0.0302758136296976,3.35597531821463,0.0014177776712005,0.999995587728954,-2.33417703094997
"cg15377585",0.0517106056152026,-0.0435457731496443,3.35277838530848,0.00143148332036824,0.999995587728954,-2.34325054900504
"cg07180212",0.0426912227836504,-0.0359505033967583,3.3456351086543,0.00146256178417134,0.999995587728954,-2.36350368766749
"cg20755721",0.0503530963436931,-0.0424026074473206,3.33571458899441,0.00150678335740485,0.999995587728954,-2.39158312235389
"cg05004665",0.0437763165812929,-0.036864266594773,3.33561520564472,0.00150723269800363,0.999995587728954,-2.39186413834901
"cg05227131",0.052391322419422,-0.0441190083531975,3.33510431331403,0.00150954458913598,0.999995587728954,-2.39330864704012
"cg12516359",0.0639353835852707,-0.0538403230191754,3.32495158311447,0.00155618902321408,0.999995587728954,-2.42198390909477
"cg04116909",-0.0451788630616949,0.038045358367743,-3.32168649473428,0.00157147700503983,0.999995587728954,-2.4311933061075
"cg02951739",-0.0707585323506441,0.0595861325058056,-3.31194218024632,0.00161795064389351,0.999995587728954,-2.45864156963552
"cg08772942",-0.0358083637843122,0.0301544116078418,-3.30916357126451,0.00163143875931227,0.999995587728954,-2.46645853248384
"cg04323814",0.0855928459179214,-0.0720781860361443,3.30817028438915,0.00163628616056885,0.999995587728954,-2.46925183748963
"cg07750130",-0.0445172865580862,0.0374882413120726,-3.30503076981962,0.00165169711123811,0.999995587728954,-2.47807700633063
"cg02923340",-0.0514890348625127,0.0433591872526422,-3.30355437787457,0.00165899158037975,0.999995587728954,-2.48222518461682
"cg14064526",0.0759779513620849,-0.0639814327259662,3.30288065110249,0.0016623303893329,0.999995587728954,-2.48411772030035
"cg26210364",-0.048106838361702,0.0405110217782754,-3.30064438471737,0.00167345827080314,0.999995587728954,-2.49039764580164
"cg07118895",-0.0605006328269225,0.0509479013279347,-3.29884458563078,0.00168246529817647,0.999995587728954,-2.49544978684958
"cg05635274",0.0760569481069793,-0.0640479563006142,3.2973781148423,0.00168983802009486,0.999995587728954,-2.49956487775473
"cg24480453",0.10028218330466,-0.0844481543618188,3.29471533670986,0.00170330325400948,0.999995587728954,-2.50703378317897
"cg21843272",-0.0404433518009019,0.0340575594112858,-3.29185287966939,0.00171789117597457,0.999995587728954,-2.5150582166508
"cg08810397",0.0538283896997939,-0.0453291702735107,3.28860045548423,0.0017346095992642,0.999995587728954,-2.52417012325931
"cg09341154",-0.0657465536264033,0.055365518843287,-3.28808426208027,0.00173727706550092,0.999995587728954,-2.5256157156881
"cg01828753",0.0545625249535312,-0.0459473894345526,3.28244723804066,0.00176665988490425,0.999995587728954,-2.54139210010279
"cg24126630",-0.0782616775456765,0.0659045705647803,-3.28209045154384,0.00176853531646215,0.999995587728954,-2.54239002293592
"cg02208432",-0.0717863038417199,0.060451624287764,-3.28187591279891,0.00176966393364303,0.999995587728954,-2.54299004692541
"cg27094846",-0.0488784872553973,0.0411608313729661,-3.28164841429277,0.00177086147025896,0.999995587728954,-2.54362628779444
"cg19510698",-0.0534649214468488,0.0450230917447148,-3.27962849941261,0.00178152775054341,0.999995587728954,-2.54927403228971
"cg09538287",0.0786203638017034,-0.0662066221488029,3.27451501437249,0.00180880141039925,0.999995587728954,-2.56356092652733
"cg01427575",0.0401269706430573,-0.0337911331731009,3.27420773262044,0.00181045283359863,0.999995587728954,-2.56441897774735
"cg03682719",0.0938916166155141,-0.0790666245183276,3.26523125623077,0.00185932741299443,0.999995587728954,-2.58946061799686
"cg12758485",-0.0884444134659335,0.0744795060765757,-3.2649722138,0.00186075613489758,0.999995587728954,-2.5901825720347
"cg19998573",0.0974203593381093,-0.0820381973373553,3.26467371742539,0.00186240374470905,0.999995587728954,-2.5910144361979
"cg16083439",-0.0690807724721635,0.0581732820818219,-3.26385768736383,0.00186691500793064,0.999995587728954,-2.59328832356077
"cg04708264",-0.0414359553198988,0.0348934360588622,-3.25990137507561,0.00188893316249581,0.999995587728954,-2.60430718320232
"cg25010124",0.037162375610575,-0.0312946320931158,3.25208061440418,0.00193318045477163,0.999995587728954,-2.6260621829479
"cg11303839",-0.0700112549438616,0.058956846268515,-3.25121943510118,0.00193811199232265,0.999995587728954,-2.62845554031464
"cg17102674",-0.0359952650936968,0.0303118021841658,-3.25068127279242,0.00194119979227674,0.999995587728954,-2.62995096070753
"cg05366204",0.124313945746094,-0.104685427996711,3.24482869177093,0.00197508070948772,0.999995587728954,-2.64620289506002
"cg20291363",-0.0698409171290876,0.0588134038981791,-3.24179476869801,0.00199286278607357,0.999995587728954,-2.65461984699238
"cg13439315",-0.0663729412781871,0.0558930031816313,-3.23983975747114,0.00200440106243011,0.999995587728954,-2.66004073466293
"cg24947324",-0.0390412197896164,0.0328768166649401,-3.23717754964702,0.0020202143621821,0.999995587728954,-2.66741894039161
"cg02565993",0.109134923647516,-0.0919030935979085,3.23703232194448,0.00202108037418118,0.999995587728954,-2.66782131358322
"cg10953317",0.0351082277441529,-0.0295648233634972,3.23567729647868,0.00202917743884694,0.999995587728954,-2.67157499939875
"cg03738915",0.066191506659628,-0.0557402161344236,3.23409354293709,0.00203868000955621,0.999995587728954,-2.67596093861239
"cg21215409",0.0689103464539725,-0.0580297654349242,3.23334767076012,0.00204316976804451,0.999995587728954,-2.67802599524445
"cg19875656",-0.0591264133300012,0.0497906638568431,-3.23297924111974,0.00204539095515632,0.999995587728954,-2.67904592603089
"cg05986505",-0.0620228394444558,0.0522297595321734,-3.23039362242637,0.00206104321976658,0.999995587728954,-2.68620149571715
"cg27246129",-0.112470216193882,0.0947117610053745,-3.22858377916142,0.00207206629147266,0.999995587728954,-2.6912078036169
"cg04164058",0.0628802064080513,-0.0529517527646747,3.22693353800624,0.00208216564866116,0.999995587728954,-2.6957709448797
"cg12332524",-0.0725846552300151,0.061123920193697,-3.22426392392979,0.00209860168253447,0.999995587728954,-2.70314939072325
"cg05655190",0.0384138008639325,-0.0323484638854168,3.22204276401655,0.00211236972316275,0.999995587728954,-2.70928516574679
"cg10040866",-0.0625789146743966,0.0526980334100182,-3.21823524525368,0.00213616893044987,0.999995587728954,-2.7197963497407
"cg06320150",0.0502619688103557,-0.0423258684718786,3.21402967371896,0.00216274942048532,0.999995587728954,-2.73139644946902
"cg00051179",0.041226143579082,-0.034716752487648,3.21123688111271,0.00218057235025423,0.999995587728954,-2.73909393823345
"cg09879107",-0.0478810757279284,0.0403209058761502,-3.21100349323797,0.00218206801573509,0.999995587728954,-2.73973699212755
"cg03043130",-0.0474397911650428,0.039949297823194,-3.20964304802968,0.00219080565440081,0.999995587728954,-2.74348478574051
"cg21133273",-0.0687553243207068,0.0578992204805952,-3.20686006494158,0.00220878237431512,0.999995587728954,-2.75114800802822
"cg25168700",0.0743384978055081,-0.06260084025727,3.20579321848392,0.00221571040676639,0.999995587728954,-2.75408445774429
"cg07392702",-0.041874110831508,0.0352624091212699,-3.20478866123051,0.00222225261866261,0.999995587728954,-2.75684884128774
"cg01380607",-0.0682050220230224,0.0574358080193872,-3.2033051317891,0.00223194739130521,0.999995587728954,-2.760930184666
"cg07226193",0.0404443436862924,-0.0340583946831936,3.20255432803832,0.00223686899493875,0.999995587728954,-2.7629952252495
"cg14663451",0.100504750955167,-0.08463557975172,3.20033975510557,0.00225144529417071,0.999995587728954,-2.76908432288573
"cg15921876",0.0709171240335216,-0.0597196833966497,3.18534245558439,0.0023525330102665,0.999995587728954,-2.81024339062937
"cg08594936",0.0943957603383084,-0.0794911666006807,3.18405187741087,0.00236142852266011,0.999995587728954,-2.81377902087085
"cg13000136",-0.0616314304854592,0.0519001519877551,-3.1820531750752,0.00237526730294211,0.999995587728954,-2.8192526413049
"cg24891846",-0.080270807667364,0.0675964696146222,-3.1817498761111,0.00237737395755644,0.999995587728954,-2.82008304305574
"cg23171972",-0.0867896838659549,0.0730860495713303,-3.18048658450941,0.00238616743243656,0.999995587728954,-2.82354121481056
"cg12894917",0.0632448602267267,-0.053258829664612,3.17787562193419,0.00240443867756095,0.999995587728954,-2.83068551205661
"cg22068464",-0.0412349649520273,0.0347241810122334,-3.17263599221281,0.00244150234427039,0.999995587728954,-2.84501022208488
"cg18766383",-0.0736536670122466,0.062024140641892,-3.1719347731789,0.00244650309522118,0.999995587728954,-2.84692604658105
"cg25631739",0.0883688712780838,-0.0744158916025969,3.17132064726635,0.0024508906420923,0.999995587728954,-2.84860367846802
"cg02695873",0.0498817665235067,-0.0420056981250583,3.17031202312219,0.00245811267418319,0.999995587728954,-2.85135848516577
"cg08609839",0.0576307868857535,-0.0485311889564241,3.1676331149741,0.00247739157606905,0.999995587728954,-2.85867229046749
"cg22077481",0.0881544942484836,-0.0742353635776703,3.1643895210006,0.0025009243268493,0.999995587728954,-2.86752199359399
"cg09123368",0.0715109105777939,-0.0602197141707738,3.16164662330537,0.00252098809392272,0.999995587728954,-2.87500067360081
"cg18563642",-0.0591392711479928,0.0498014914930466,-3.15722360262697,0.00255366026958617,0.999995587728954,-2.88705076323662
"cg08723608",0.0756403805507296,-0.0636971625690354,3.14830599315589,0.00262074549385234,0.999995587728954,-2.91131001628336
"cg22997617",0.0695831539957264,-0.0585963402069274,3.14566274328274,0.00264094564301599,0.999995587728954,-2.91849141131094
"cg17817521",0.0460374200186176,-0.0387683536998885,3.14373153970296,0.00265579647528695,0.999995587728954,-2.92373558648206
"cg06875179",-0.0434365363627995,0.0365781358844627,-3.14273736716123,0.00266347211234732,0.999995587728954,-2.92643437668135
"cg02011639",0.0633668732159613,-0.05336157744502,3.1425276059154,0.0026650942575623,0.999995587728954,-2.92700372000814
"cg25737040",-0.0878652105691339,0.0739917562687443,-3.13866204240868,0.00269515420956668,0.999995587728954,-2.93749102775154
"cg14678654",0.0687725484277781,-0.0579137249918131,3.13788781376431,0.00270121297938808,0.999995587728954,-2.93959042696865
"cg14753432",-0.0538901563906874,0.0453811843289999,-3.13635933985803,0.00271321166098633,0.999995587728954,-2.94373396987257
"cg20660385",-0.0632236977159523,0.0532410086029073,-3.13341867720857,0.0027364368965385,0.999995587728954,-2.95170182571588
"cg02969422",-0.049158101513989,0.0413962960117802,-3.13200587876864,0.00274766130315128,0.999995587728954,-2.95552799615491
"cg25974617",0.0437596020447622,-0.0368501911955892,3.13085177725751,0.00275686243620036,0.999995587728954,-2.95865265709953
"cg10918419",0.0437257676039175,-0.0368216990348779,3.13003299295371,0.00276340774625838,0.999995587728954,-2.96086897522921
"cg13397939",-0.0511251503701263,0.0430527582064221,-3.12939246808435,0.00276853821601372,0.999995587728954,-2.96260248910569
"cg16439823",0.0436102127966861,-0.0367243897235251,3.12929083169152,0.0027693531226886,0.999995587728954,-2.962877534461
"cg21184011",0.0464379061538927,-0.0391056051822255,3.12540122422246,0.00280070898071745,0.999995587728954,-2.97339874548034
"cg08473725",-0.0381040272216476,0.0320876018708612,-3.1247686614676,0.00280583970662512,0.999995587728954,-2.97510892729891
"cg04211303",-0.0682472147386654,0.0574713387272972,-3.12267544110713,0.00282288073419216,0.999995587728954,-2.98076636897135
"cg24004483",0.0450486446115067,-0.0379357007254794,3.12145981629703,0.0028328216835581,0.999995587728954,-2.98405066631558
"cg11897909",0.0779693559280539,-0.0656584049920455,3.11989487219079,0.00284566755411926,0.999995587728954,-2.98827740408918
"cg10639425",-0.0896625756758,0.0755053268848842,-3.11931578425614,0.00285043483038787,0.999995587728954,-2.9898410762993
"cg23585450",-0.0657579502917015,0.055375116035117,-3.11865771298014,0.0028558614132843,0.999995587728954,-2.99161777326751
"cg11579537",0.0416574709065157,-0.0350799755002238,3.1158575152044,0.00287906081095678,0.999995587728954,-2.99917494215197
"cg02264471",-0.125082549195639,0.105332673006854,-3.11483870352852,0.00288754530381521,0.999995587728954,-3.00192331993067
"cg13073224",0.0563912061319305,-0.0474873314795204,3.1141574544472,0.00289323169602396,0.999995587728954,-3.00376072423782
"cg00178427",-0.052361845047426,0.0440941853030954,-3.11294100660673,0.00290341149913022,0.999995587728954,-3.00704091270434
"cg26720235",0.0701016960164447,-0.0590330071717428,3.11012315660083,0.00292712162502312,0.999995587728954,-3.01463585099759
"cg20359285",0.0395446642760921,-0.0333007699167091,3.10923984207523,0.00293459132585522,0.999995587728954,-3.01701564339208
"cg06340516",-0.0692374956681611,0.0583052595100304,-3.10606945988064,0.00296154879964792,0.999995587728954,-3.0255532277301
"cg23916104",0.123145301975159,-0.103701306926449,3.10479335149022,0.00297246476000038,0.999995587728954,-3.02898794501402
"cg06893288",-0.100431811657173,0.0845741571849876,-3.10147631971607,0.00300101551519335,0.999995587728954,-3.03791124610631
"cg24406898",-0.0922760329886716,0.0777061330430919,-3.09503342978255,0.0030572067821071,0.999995587728954,-3.05522424151166
"cg04852348",0.0538944524565587,-0.045384802068681,3.09421833596746,0.00306438534848639,0.999995587728954,-3.05741269895359
"cg04124740",-0.0461067724669107,0.0388267557616091,-3.09287020357365,0.00307629304914284,0.999995587728954,-3.06103142162784
"cg06758644",0.0774402882938246,-0.0652128743526944,3.08561066740863,0.00314116264196399,0.999995587728954,-3.08049856311585
"cg24099956",0.0412767552182928,-0.0347593728154046,3.08334002907209,0.00316171391673837,0.999995587728954,-3.08658082002582
"cg22927979",-0.064491481674861,0.0543086161472513,-3.08075565032868,0.00318525787031889,0.999995587728954,-3.09349960262793
"cg24324985",0.06606867367867,-0.0556367778346694,3.07949895140049,0.00319676570188639,0.999995587728954,-3.09686248814352
"cg04615859",0.086536233040017,-0.0728726172968565,3.07107996102333,0.00327486870276928,0.999995587728954,-3.11936621568177
"cg08572513",0.0900559448918843,-0.0758365851721131,3.06971399234822,0.00328770780606373,0.999995587728954,-3.12301326950842
"cg09053247",-0.0835090774589924,0.0703234336496778,-3.06706263145512,0.00331276309743057,0.999995587728954,-3.13008893734586
"cg10785793",0.0449576308803164,-0.0378590575834244,3.06628614307421,0.00332013462028551,0.999995587728954,-3.13216031988571
"cg07367601",0.0410262927250666,-0.034548457031635,3.06518651601465,0.00333060006968296,0.999995587728954,-3.13509307550647
"cg27516404",-0.0521485100539663,0.0439145347822873,-3.06479177555978,0.00333436443812712,0.999995587728954,-3.13614568304948
"cg20027784",-0.0394714462989237,0.0332391126727778,-3.06116861921543,0.00336910225538762,0.999995587728954,-3.14580259851644
"cg21708738",-0.0705509242289718,0.059411304613871,-3.06015379048732,0.00337889262232917,0.999995587728954,-3.14850599020478
"cg16275882",0.0519224558436346,-0.0437241733420081,3.05996520864504,0.00338071485686805,0.999995587728954,-3.14900828078521
"cg15896447",-0.0774555238035251,0.0652257042556001,-3.05960339095298,0.0033842136120661,0.999995587728954,-3.1499719256773
"cg06449334",0.0521988104458443,-0.0439568930070268,3.05647381163223,0.00341461798970211,0.999995587728954,-3.15830366885986
"cg05095252",-0.0415818450574331,0.0350162905746805,-3.05100360925504,0.00346837571254495,0.999995587728954,-3.17285208906519
"cg02039987",-0.042510400612252,0.035798232094528,-3.05001425119024,0.0034781825417384,0.999995587728954,-3.17548136836335
"cg07186557",-0.0516372070058761,0.0434839637944219,-3.0495673106424,0.00348262124612542,0.999995587728954,-3.17666893965639
"cg21196201",0.0545885511150767,-0.0459693062021699,3.04949726196969,0.00348331740055898,0.999995587728954,-3.17685505554794
"cg05585991",-0.0350172384103243,0.0294882007665889,-3.04874727772644,0.00349077900969735,0.999995587728954,-3.17884753486383
"cg13299743",-0.0376356838240187,0.0316932074307525,-3.047836648517,0.0034998589487438,0.999995587728954,-3.18126632647873
"cg02027429",-0.0741297441114245,0.0624250476727784,-3.04759755281311,0.0035022466404722,0.999995587728954,-3.18190132090684
"cg20430047",0.143310804077089,-0.120682782380707,3.04588267806241,0.0035194166114616,0.999995587728954,-3.18645466716175
"cg26293019",-0.128495363227407,0.108206621665185,-3.03922422589968,0.00358683154920957,0.999995587728954,-3.20411679128151
"cg01388847",0.136542961844841,-0.114983546816708,3.03435508130361,0.00363689141938386,0.999995587728954,-3.21701503915793
"cg11609571",0.103759593819984,-0.087376500058934,3.03377345897293,0.00364291451532781,0.999995587728954,-3.21855474850913
"cg23099211",-0.100256716319057,0.0844267084792063,-3.03054019835929,0.00367656722785041,0.999995587728954,-3.22711017913025
"cg06018853",0.041332095999585,-0.0348059755785979,3.02953185863869,0.00368712152891778,0.999995587728954,-3.2297769722637
"cg12656312",-0.085018059265131,0.0715941551706366,-3.02791853299522,0.00370406705326777,0.999995587728954,-3.23404246465302
"cg04157587",-0.0784912954280296,0.0660979329920249,-3.02693217315963,0.00371446302828179,0.999995587728954,-3.23664950791444
"cg23797200",-0.0610347554604062,0.051397688808763,-3.02687825369062,0.00371503210952276,0.999995587728954,-3.23679200458173
"cg13649728",-0.0565176830873045,0.047593838389309,-3.02653584698226,0.00371864786540591,0.999995587728954,-3.23769686351793
"cg14683017",-0.0852278042826896,0.0717707825538439,-3.02585158062208,0.00372588344059535,0.999995587728954,-3.23950491472967
"cg04386563",-0.0413384309888629,0.0348113103064109,-3.0252302637171,0.00373246475248793,0.999995587728954,-3.24114637807858
"cg21616047",0.0949723341232217,-0.0799767024195551,3.02411873668408,0.00374426569255012,0.999995587728954,-3.24408232633539
"cg17347178",-0.0518311057915183,0.0436472469823312,-3.02391680335772,0.00374641332588679,0.999995587728954,-3.24461562240947
"cg20932535",-0.0596379257501006,0.0502214111579795,-3.02358219834955,0.00374997450031576,0.999995587728954,-3.24549924141193
"cg09048128",-0.0437410608781093,0.0368345775815657,-3.02157116476626,0.00377144438790038,0.999995587728954,-3.25080845800439
"cg26461965",-0.0523464404401748,0.0440812130022525,-3.02123477459236,0.00377504688074681,0.999995587728954,-3.25169629404473
"cg01205584",0.0450038282506877,-0.0378979606321581,3.02099638314781,0.00377760182213613,0.999995587728954,-3.25232543844327
"cg02711128",-0.0353212920975785,0.0297442459769082,-3.02076773915083,0.00378005381145478,0.999995587728954,-3.2529288244791
"cg17803298",-0.0679288449448532,0.0572032378482974,-3.02049149565122,0.00378301824063023,0.999995587728954,-3.25365778051276
"cg18449021",-0.0545300766163222,0.0459200645190082,-3.01778232190933,0.00381220611967833,0.999995587728954,-3.26080424460054
"cg05060686",-0.0361231843207772,0.0304195236385492,-3.01586396920221,0.0038330007938184,0.999995587728954,-3.26586182119281
"cg11484872",-0.0473194385484417,0.0398479482513193,-3.01390756805623,0.00385431682779707,0.999995587728954,-3.27101731686684
"cg16112050",0.062586370383046,-0.0527043119015124,3.00761157994636,0.00392366762210521,0.999995587728954,-3.28759204901901
"cg00592643",-0.103430400128806,0.0870992843189942,-3.00466386677142,0.00395653517366821,0.999995587728954,-3.29534353981402
"cg07305514",-0.0542827833824798,0.045711817585246,-3.00341971338846,0.00397048458610139,0.999995587728954,-3.29861359188661
"cg16786274",-0.0709948413193338,0.0597851295320705,-3.00134462222705,0.00399385247891231,0.999995587728954,-3.30406544452885
"cg26572896",-0.0623120619980825,0.0524733153668063,-3.00072395941754,0.0040008667127787,0.999995587728954,-3.30569557128807
"cg02506716",-0.0703867226908881,0.059273029634432,-2.99961099297903,0.00401347332680694,0.999995587728954,-3.30861808669086
"cg09984392",0.0413258541391266,-0.034800719275054,2.9985082189613,0.00402600099335416,0.999995587728954,-3.31151306296003
"cg08118241",0.0504356555894942,-0.0424721310227319,2.99640721887208,0.00404996954912359,0.999995587728954,-3.3170264226289
"cg18429048",-0.0603893951107706,0.0508542274617015,-2.99528097982564,0.00406287254286594,0.999995587728954,-3.31998069975319
"cg24512005",0.0440440285156166,-0.0370897082236771,2.99501718533339,0.00406590029082295,0.999995587728954,-3.32067255187517
"cg19680631",0.0778427403815302,-0.0655517813739202,2.99446617210347,0.00407223142539823,0.999995587728954,-3.32211754811623
"cg09256832",-0.0365828591206294,0.0308066182068457,-2.99055567579859,0.00411742754243173,0.999995587728954,-3.33236702463317
"cg12527110",-0.100863120321951,0.0849373644816433,-2.98832946923202,0.00414336551478184,0.999995587728954,-3.33819760456073
"cg06223120",-0.0438781821410642,0.0369500481187909,-2.98584978945747,0.0041724358733743,0.999995587728954,-3.3446883328185
"cg10262032",0.0921999621132969,-0.0776420733585658,2.98429731149503,0.00419073281084585,0.999995587728954,-3.34875005417995
"cg06907680",0.0434272129723432,-0.0365702846082891,2.98272931578921,0.00420928845062936,0.999995587728954,-3.35285081493945
"cg23312086",-0.0408024986039151,0.0343599988243496,-2.98189517371044,0.00421919082206796,0.999995587728954,-3.35503169805998
"cg17728974",0.0450630325338725,-0.0379478168706295,2.98029637917558,0.00423823128486576,0.999995587728954,-3.35921054141104
"cg11144641",0.0363005438095351,-0.0305688789975032,2.97887465808205,0.00425523010082261,0.999995587728954,-3.36292518940008
"cg17810588",0.102984221783451,-0.0867235551860639,2.97784194198623,0.00426761754943944,0.999995587728954,-3.36562264277825
"cg11945130",0.0768096145173642,-0.0646817806462014,2.97543000637176,0.00429667963172843,0.999995587728954,-3.37191996254864
"cg03014934",-0.044326470980076,0.0373275545095377,-2.97413224531224,0.00431239283418579,0.999995587728954,-3.37530674694369
"cg18942298",-0.0672271039141648,0.0566122980329808,-2.97352516828914,0.00431976162750566,0.999995587728954,-3.37689067429154
"cg18755543",0.035879864979563,-0.0302146231406846,2.97344243583717,0.00432076675343905,0.999995587728954,-3.37710651365008
"cg07068570",-0.0438090023636576,0.0368917914641327,-2.97339795321358,0.00432130726784497,0.999995587728954,-3.3772225618392
"cg23913904",-0.0454409089432685,0.0382660285838051,-2.97180158525469,0.00434074665520372,0.999995587728954,-3.38138639773242
"cg00770443",0.0620458359852639,-0.0522491250402223,2.97111775196614,0.00434909874160975,0.999995587728954,-3.38316955384509
"cg12045002",0.0513702915607026,-0.0432591928932233,2.96895056910364,0.0043756668081063,0.999995587728954,-3.38881869837914
"cg02605996",-0.107212712035117,0.0902843890822042,-2.96872200834899,0.00437847758068579,0.999995587728954,-3.38941430700816
"cg03917887",0.0385442877631917,-0.0324583475900562,2.96870487279146,0.00437868837638748,0.999995587728954,-3.38945895937112
"cg25124879",-0.044359675946149,0.0373555165862307,-2.96804298451059,0.00438683792737712,0.999995587728954,-3.39118358427696
"cg18536819",-0.0351631747521213,0.0296110945281022,-2.96720638417578,0.00439715882605361,0.999995587728954,-3.39336303967781
"cg21882300",0.0454177117648167,-0.0382464941177404,2.96459159679984,0.00442956253862902,0.999995587728954,-3.40017201744632
"cg13483985",-0.0385490769828383,0.0324623806171271,-2.96063351627465,0.00447903584859931,0.999995587728954,-3.41047062420683
"cg07897069",0.0471685236727632,-0.0397208620402216,2.95894924133471,0.00450024361003448,0.999995587728954,-3.41484992177158
"cg24484352",0.0468342548522283,-0.0394393725071396,2.9557894581825,0.00454028256737121,0.999995587728954,-3.42306078365472
"cg05127899",0.0518460152941144,-0.0436598023529384,2.95431944948782,0.00455902234766967,0.999995587728954,-3.42687849039667
"cg02895698",0.116884564859653,-0.0984291072502338,2.9537295879537,0.00456656214471621,0.999995587728954,-3.42841000779441
"cg15436354",0.122793064476773,-0.103404685875177,2.95256383409425,0.00458149728834699,0.999995587728954,-3.43143611444977
"cg13971030",-0.0778448950784587,0.0655535958555442,-2.95248174258186,0.0045825507196229,0.999995587728954,-3.43164917764688
"cg01412970",0.124119568287675,-0.104521741715937,2.95225449413407,0.00458546803763037,0.999995587728954,-3.43223896363251
"cg10593047",-0.0694565849951139,0.0584897557853591,-2.9495077384767,0.00462086653030325,0.999995587728954,-3.43936508646085
"cg09516965",0.0442869823248984,-0.0372943009051776,2.94803330206586,0.00463997276757397,0.999995587728954,-3.44318832741426
"cg20944701",-0.0379244574786306,0.0319363852451626,-2.94627785518539,0.00466281617841741,0.999995587728954,-3.44773840641264
"cg00947413",0.0986396303980025,-0.0830649519141073,2.94493807096612,0.00468032090296698,0.999995587728954,-3.45120975998932
"cg22339338",0.0373776447751252,-0.0314759113895791,2.94450482246989,0.00468599449247824,0.999995587728954,-3.45233205023297
"cg00709775",-0.0508746468323027,0.0428418078587812,-2.94240934245779,0.00471352609719517,0.999995587728954,-3.45775848797864
"cg20831648",-0.0606840315542018,0.051102342361433,-2.94068161120464,0.00473633898226599,0.999995587728954,-3.46223047422235
"cg00297600",-0.0494268367200633,0.0416225993432113,-2.93672838130114,0.00478892369136725,0.999995587728954,-3.47245559115883
"cg07084358",0.0472104664537381,-0.0397561822768321,2.93414396812907,0.00482359341610138,0.999995587728954,-3.47913477006497
"cg02959725",-0.0775742597787431,0.0653256924452573,-2.93269462938749,0.00484313807831196,0.999995587728954,-3.48287856130048
"cg20122518",0.0498070313128238,-0.041942763210799,2.93046968257179,0.00487328515589971,0.999995587728954,-3.48862318091646
"cg17992056",0.048034241766138,-0.0404498878030636,2.92948571407319,0.00488667300377076,0.999995587728954,-3.49116267930523
"cg22032870",-0.0409788801231794,0.0345085306300459,-2.92651770466031,0.00492726280904737,0.999995587728954,-3.49881893438484
"cg06504925",0.0692704758549544,-0.058333032298909,2.92164834019008,0.00499453373952415,0.999995587728954,-3.51136752884414
"cg10935723",0.059230364561119,-0.0498782017356791,2.92029593495017,0.00501336810303103,0.999995587728954,-3.51485001184416
"cg20417500",-0.0433590145997482,0.036512854399788,-2.92007421492046,0.00501646218433554,0.999995587728954,-3.51542083398077
"cg03961481",-0.0898557488403811,0.0756679990234788,-2.91880869617792,0.00503415632740228,0.999995587728954,-3.51867832256192
"cg22307444",0.106377217729762,-0.0895808149303263,2.91613414897801,0.00507174184308478,0.999995587728954,-3.52555927180735
"cg12088946",-0.0557012477405762,0.046906313886801,-2.91346599747997,0.00510949679614353,0.999995587728954,-3.53241912775593
"cg18664918",-0.0354194789496554,0.0298269296418151,-2.91250447380575,0.00512316637395984,0.999995587728954,-3.5348900825769
"cg06775523",0.0639714517165967,-0.0538706961823972,2.91150025801875,0.00513747910294716,0.999995587728954,-3.53747010590724
"cg27277583",-0.0679093223368941,0.0571867977573845,-2.90742937999102,0.00519588067896583,0.999995587728954,-3.54792223939618
"cg18786718",0.0493625535322105,-0.0415684661323878,2.90672952184147,0.00520598279145514,0.999995587728954,-3.54971806272584
"cg08146841",0.0437187669563845,-0.0368158037527449,2.9067211786925,0.00520610333055857,0.999995587728954,-3.54973946916689
"cg24750308",-0.0859573791401479,0.0723851613811772,-2.90658039347927,0.00520813773994638,0.999995587728954,-3.55010068208701
"cg01419914",-0.0500319818432029,0.0421321952363813,-2.90644918382901,0.00521003444193588,0.999995587728954,-3.55043731531819
"cg04306992",-0.0782979582172327,0.0659351227092487,-2.905622454174,0.00522199998036258,0.999995587728954,-3.55255812548263
"cg20102019",0.0416176522133023,-0.0350464439690967,2.90537468947325,0.00522559092317272,0.999995587728954,-3.55319362954296
"cg20064848",-0.0399097160638228,0.0336081819484823,-2.90382044637167,0.00524816941765179,0.999995587728954,-3.55717927086275
"cg14832908",0.0397370451548046,-0.0334627748672039,2.90362990870436,0.00525094357537451,0.999995587728954,-3.55766776977142
"cg08017849",-0.0562278002651907,0.0473497265391079,-2.90219761064895,0.00527184087398862,0.999995587728954,-3.5613391244567
"cg22877452",-0.0791870657080409,0.0666838448067713,-2.89908455559842,0.00531752671110174,0.999995587728954,-3.56931407445849
"cg07470639",-0.0422411978062415,0.0355715349947296,-2.8957648771036,0.005366649067203,0.999995587728954,-3.57781136261179
"cg24083646",0.0539237944706416,-0.0454095111331719,2.88843234482808,0.00547664512609301,0.999995587728954,-3.59655465701141
"cg18995143",-0.0557265586580468,0.0469276283436183,-2.88130814124275,0.00558551342200578,0.999995587728954,-3.61473163118684
"cg11435872",-0.0505530113540447,0.0425709569297218,-2.88121654846796,0.00558692605540885,0.999995587728954,-3.61496510743341
"cg05641529",0.0861469128152961,-0.0725447686865652,2.87965322840648,0.00561108818648332,0.999995587728954,-3.6189492663079
"cg00203913",-0.0772917891610346,0.0650878224513976,-2.87962938387431,0.00561145746743211,0.999995587728954,-3.61901002222443
"cg00313750",0.129754566403369,-0.109267003287048,2.87754633656331,0.0056438046850631,0.999995587728954,-3.62431618686312
"cg04874562",0.0493543868685629,-0.0415615889419476,2.87741237060295,0.00564589091324199,0.999995587728954,-3.62465734177278
"cg09622269",-0.0678857037978508,0.0571669084613481,-2.87630093785505,0.00566322661636061,0.999995587728954,-3.62748723741201
"cg21450215",-0.065278313416999,0.0549712112985255,-2.87559900197346,0.00567420052337774,0.999995587728954,-3.6292740656541
"cg04382643",-0.116675926239178,0.0982534115698339,-2.87472260341052,0.00568792957769451,0.999995587728954,-3.63150454556229
"cg14766448",-0.0389733166798366,0.0328196350988098,-2.87335198296184,0.00570946244368585,0.999995587728954,-3.63499183110768
"cg18976044",0.112486197861421,-0.0947252192517232,2.87321901695616,0.00571155539105666,0.999995587728954,-3.63533007217354
"cg26188543",-0.0970714012823668,0.0817443379219931,-2.87191452408324,0.00573212642056238,0.999995587728954,-3.63864784398766
"cg13982318",-0.0790124088374505,0.0665367653368004,-2.87111253270835,0.00574480734088866,0.999995587728954,-3.64068702548109
"cg20229931",-0.0412694817480269,0.0347532477878121,-2.87030505470973,0.00575760124566832,0.999995587728954,-3.64273972888148
"cg09392615",0.0622559285790082,-0.0524260451191648,2.86997893811183,0.00576277579992325,0.999995587728954,-3.64356863341524
"cg15368872",0.0393425921848449,-0.0331306039451325,2.86964898014568,0.0057680156865837,0.999995587728954,-3.64440723029576
"cg00919055",0.0612689599415531,-0.0515949136349921,2.86776804521984,0.00579797012847722,0.999995587728954,-3.6491863036608
"cg05168229",0.0370774132510555,-0.0312230848429941,2.86731461312639,0.00580521267271336,0.999995587728954,-3.65033803304527
"cg14758163",-0.0435130760699039,0.0366425903746559,-2.86470533744647,0.00584705287807268,0.999995587728954,-3.65696302224784
"cg26157149",0.0350497797924552,-0.0295156040357517,2.86424379216976,0.00585448282157232,0.999995587728954,-3.65813442421307
"cg12487789",0.05402638125737,-0.0454959000062063,2.86321173069014,0.00587112853924867,0.999995587728954,-3.66075328687783
"cg24674445",-0.0350596331678672,0.0295239016150461,-2.8630279580329,0.00587409712594045,0.999995587728954,-3.66121953731967
"cg11854493",-0.0535782500017238,0.0451185263172411,-2.86195461636349,0.0058914631999074,0.999995587728954,-3.66394227119055
"cg14174912",-0.0845296921281331,0.0711828986342174,-2.86040024469233,0.00591669628791283,0.999995587728954,-3.66788387763588
"cg04308687",-0.0830807335550788,0.0699627229937505,-2.8532385883282,0.00603425259425388,0.999995587728954,-3.68602388258717
"cg16954004",-0.0403303077173265,0.0339623643935381,-2.85303545950945,0.00603761817628292,0.999995587728954,-3.6865378988395
"cg02002217",0.0744689644882155,-0.0627107069374447,2.85222977137897,0.0060509844917295,0.999995587728954,-3.68857641826673
"cg20265748",-0.0487858452116332,0.0410828170203227,-2.85183623639606,0.00605752315430143,0.999995587728954,-3.68957196799507
"cg21241410",0.05502317017154,-0.0463353011970863,2.85135109043169,0.00606559294347167,0.999995587728954,-3.69079913026918
"cg04195425",-0.056763742389027,0.0478010462223386,-2.84742656372032,0.00613123884770458,0.999995587728954,-3.70072036040721
"cg10249734",0.0551622607214606,-0.0464524300812299,2.84727702822309,0.00613375308301749,0.999995587728954,-3.70109818488517
"cg15572235",0.112992424897968,-0.0951515157035516,2.84660225697606,0.00614511029921534,0.999995587728954,-3.70280291366415
"cg02466830",0.0877539982541922,-0.073898103793004,2.84494181393023,0.0061731403874674,0.999995587728954,-3.70699653592381
"cg16908208",-0.0899127212693111,0.0757159758057355,-2.84109972966312,0.00623845265105675,0.999995587728954,-3.71669309227752
"cg05807420",-0.0617663096134603,0.052013734411335,-2.84037405753283,0.00625085994840415,0.999995587728954,-3.71852342281061
"cg06094515",-0.0498580492630541,0.0419857256952035,-2.84025548826462,0.00625288937174127,0.999995587728954,-3.7188224514862
"cg09103598",-0.0384631738626043,0.0323900411474563,-2.83742319291638,0.00630154808811402,0.999995587728954,-3.7259626456672
"cg02849309",-0.0553867686493345,0.0466414893889132,-2.83634377567122,0.00632018432799327,0.999995587728954,-3.72868244167977
"cg22653139",0.0448808133103438,-0.0377943691034474,2.8362913743589,0.00632109033623247,0.999995587728954,-3.72881445694092
"cg09971646",0.0826798923775669,-0.0696251725284774,2.83279921702238,0.00638174019129067,0.999995587728954,-3.73760816502521
"cg03396347",0.113110541649349,-0.0952509824415569,2.83154456322649,0.00640366125771864,0.999995587728954,-3.7407655608716
"cg13343392",-0.0717868227981841,0.060452061303734,-2.83142713962342,0.00640571641510176,0.999995587728954,-3.74106100918623
"cg12606933",0.0608565225390345,-0.0512475979276081,2.83100069793613,0.00641318515649812,0.999995587728954,-3.74213389731158
"cg02001991",-0.0460844522499012,0.0388079597893905,-2.82935760487734,0.00644203770728525,0.999995587728954,-3.74626663352702
"cg23076537",-0.0535875809780546,0.0451263839815197,-2.82871023841533,0.00645343828169188,0.999995587728954,-3.74789440583651
"cg01232511",0.123424556663425,-0.1039364687692,2.82769854276881,0.00647129226317557,0.999995587728954,-3.7504377060394
"cg17372806",0.0450687264784471,-0.0379526117713239,2.82752575148771,0.00647434616796364,0.999995587728954,-3.75087201741861
"cg25087589",0.0384463368960957,-0.0323758626493437,2.82499160580648,0.00651928768375828,0.999995587728954,-3.75723930751698
"cg00094412",0.040002521735862,-0.0336863340933575,2.82296203917983,0.00655548832316595,0.999995587728954,-3.76233569653078
"cg00665971",0.0646579315016699,-0.0544487844224588,2.82252868702772,0.0065632418703384,0.999995587728954,-3.76342351821776
"cg19754520",-0.0945206951649546,0.0795963748757512,-2.82120286804733,0.00658701605735434,0.999995587728954,-3.76675087319917
"cg25449821",-0.0388440826558835,0.0327108064470598,-2.81963123321633,0.00661530109862236,0.999995587728954,-3.77069361819424
"cg00433861",0.0728918714238834,-0.0613826285674808,2.8185198098456,0.006635371243038,0.999995587728954,-3.77348083665923
"cg10230673",0.0809554512299992,-0.0681730115621046,2.81590998975723,0.00668272063401325,0.999995587728954,-3.78002246854874
"cg16330146",-0.0685157766050791,0.0576974960884878,-2.81460641403354,0.0067064877071595,0.999995587728954,-3.78328823004784
"cg26492720",0.0517568655416414,-0.0435847288771717,2.81339737493215,0.00672860086092558,0.999995587728954,-3.78631613649324
"cg21699330",0.0365347072504482,-0.0307660692635353,2.81288099781508,0.00673806581159116,0.999995587728954,-3.7876090477389
"cg14373018",0.0417946642143604,-0.0351955067068298,2.80976422632381,0.0067954560888475,0.999995587728954,-3.79540905742672
"cg02150335",-0.0351576625494337,0.0296064526732073,-2.80924389649756,0.00680508092486187,0.999995587728954,-3.79671059567899
"cg22459146",0.0820145679179071,-0.0690648992992901,2.807966949533,0.00682875465942417,0.999995587728954,-3.7999039436509
"cg27190145",-0.0519773971845699,0.0437704397343747,-2.80679504998172,0.00685054771007276,0.999995587728954,-3.80283362817302
"cg07179068",0.0716521848227123,-0.0603386819559683,2.80664995468395,0.00685325041077364,0.999995587728954,-3.80319629422722
"cg19083909",-0.0768584968257686,0.064722944695384,-2.8048569790453,0.00688672955834652,0.999995587728954,-3.80767667303937
"cg20630647",0.0703428963038312,-0.0592361232032262,2.80366525642122,0.00690906524458823,0.999995587728954,-3.81065341405759
"cg18328755",0.0508033371277577,-0.0427817575812696,2.80254461407804,0.00693012964418344,0.999995587728954,-3.81345173561766
"cg23950233",0.0459469549224501,-0.0386921725662738,2.80252760000365,0.00693044990883941,0.999995587728954,-3.81349421442672
"cg10091775",-0.0389498379922976,0.0327998635724611,-2.80185348422889,0.00694315012380014,0.999995587728954,-3.81517711334903
"cg10154812",-0.0454943710720981,0.0383110493238721,-2.80077796576101,0.0069634571277712,0.999995587728954,-3.81786146214505
"cg27131955",0.0673780166120235,-0.056739382410125,2.79842436323079,0.00700808697613936,0.999995587728954,-3.82373301828774
"cg13316430",0.0398466583191891,-0.0335550806898435,2.79813574714871,0.00701357793041085,0.999995587728954,-3.82445277486933
"cg26129669",-0.0447378386998167,0.0376739694314246,-2.79674488546884,0.00704009488538167,0.999995587728954,-3.82792054645683
"cg13665807",-0.0712393656582259,0.0599910447648217,-2.79586541318558,0.00705690979628389,0.999995587728954,-3.83011262128445
"cg01497154",-0.0570783487049831,0.0480659778568279,-2.79145818231866,0.00714173196520002,0.999995587728954,-3.84108973594864
"cg08201736",-0.0419166785345054,0.0352982556080046,-2.79109002437485,0.00714885993433945,0.999995587728954,-3.84200611567871
"cg09358376",-0.0578657450243227,0.0487290484415349,-2.79048373296028,0.00716061273521361,0.999995587728954,-3.8435150325144
"cg26985366",-0.0464600918435685,0.0391242878682682,-2.7903490347865,0.00716322624009486,0.999995587728954,-3.84385023090594
"cg06947430",0.0504848230249348,-0.0425135351788925,2.78954307676836,0.00717888235334527,0.999995587728954,-3.84585561326399
"cg10857427",-0.0396716805933344,0.0334077310259658,-2.7883821762269,0.00720148881023729,0.999995587728954,-3.8487433912227
"cg03034696",-0.0467732176188885,0.0393879727316956,-2.78827572706523,0.00720356499620506,0.999995587728954,-3.84900814140128
"cg00893875",0.0733945088227239,-0.0618059021665044,2.78792794771208,0.00721035193426435,0.999995587728954,-3.84987305157785
"cg18473903",-0.0485157277557241,0.0408553496890309,-2.78665038841826,0.00723533419244319,0.999995587728954,-3.85304957699566
"cg04837959",0.0872163939227787,-0.0734453843560242,2.78248570841671,0.00731732785293483,0.999995587728954,-3.86339697899304
"cg09307788",-0.0767296710545514,0.0646144598354118,-2.78242626072947,0.00731850442168733,0.999995587728954,-3.86354459543917
"cg19986254",-0.0448054987794936,0.0377309463406262,-2.781075518829,0.0073452848540387,0.999995587728954,-3.8668980208392
"cg12315311",0.047387195861956,-0.0399050070416471,2.78107217790236,0.00734535120453393,0.999995587728954,-3.86690631367388
"cg03043804",-0.0529714602239003,0.0446075454517054,-2.77885810807782,0.00738944401412793,0.999995587728954,-3.87240040606618
"cg19960616",-0.0587557756889701,0.0494785479486065,-2.77880389441321,0.00739052672027429,0.999995587728954,-3.87253489263108
"cg23358933",0.0433443134960024,-0.0365004745229494,2.77872808949587,0.00739204087226454,0.999995587728954,-3.87272293676995
"cg15518622",0.0784067508545096,-0.0660267375616923,2.77630433754016,0.00744060451346555,0.999995587728954,-3.87873332120238
"cg16417043",-0.0647010297739574,0.0544850777043852,-2.77560435767046,0.00745468426650008,0.999995587728954,-3.88046837966378
"cg06841713",-0.0503739065373484,0.042420131820925,-2.77480709275076,0.00747075073693384,0.999995587728954,-3.88244417627064
"cg17601785",-0.0570383057670809,0.048032257488068,-2.77036243709328,0.00756090505055785,0.999995587728954,-3.89345109727231
"cg21961487",0.0584895356078044,-0.0492543457749932,2.7703590894724,0.00756097332864619,0.999995587728954,-3.8934593823974
"cg04895233",-0.0495774971233586,0.0417494712617757,-2.76937401639226,0.0075810895522346,0.999995587728954,-3.89589703789003
"cg05622324",-0.0662337062231113,0.0557757526089358,-2.76841065889099,0.00760080994680109,0.999995587728954,-3.89828031839746
"cg03613662",-0.0776651197898759,0.0654022061388429,-2.76680661482157,0.00763375027041994,0.999995587728954,-3.90224721390341
"cg14437996",-0.0594908372914318,0.0500975471927847,-2.76658400700888,0.00763833206484593,0.999995587728954,-3.90279759789993
"cg05864010",-0.0627615874371967,0.0528518631050078,-2.76658064196806,0.00763840134474195,0.999995587728954,-3.90280591749588
"cg05883874",0.0380248285145591,-0.0320209082227866,2.76629155052785,0.00764435535567108,0.999995587728954,-3.9035206271707
"cg13998223",-0.090081304624917,0.0758579407367723,-2.76558291957927,0.00765896810074353,0.999995587728954,-3.90527230783066
"cg03487897",-0.044142733856447,0.0371728285106922,-2.76504962460485,0.00766998217027514,0.999995587728954,-3.90659034630921
"cg03388679",0.0546805860996365,-0.0460468093470623,2.76387296291704,0.00769433517185394,0.999995587728954,-3.90949778104369
"cg12987911",-0.0424285628630174,0.0357293160951725,-2.76069312035797,0.00776050369542742,0.999995587728954,-3.91735019665576
"cg12716837",0.0919075634388268,-0.0773958428958541,2.76066324411897,0.00776112785680228,0.999995587728954,-3.91742394144335
"cg06728055",0.0412800282864657,-0.0347621290833395,2.75941673455202,0.0077872105805158,0.999995587728954,-3.9205002118727
"cg11250576",-0.0512448215816052,0.0431535339634571,-2.7562247106791,0.00785437041173099,0.999995587728954,-3.92837300341354
"cg08267319",0.0807482139905181,-0.0679984959920152,2.75446339445186,0.00789165594215656,0.999995587728954,-3.93271412982006
"cg23123017",0.0475156255098579,-0.0400131583240909,2.75429477428554,0.00789523400687109,0.999995587728954,-3.93312961790536
"cg25598890",0.0416235581569578,-0.0350514173953329,2.75361464287571,0.00790968131963066,0.999995587728954,-3.93480529695698
"cg12097325",0.11022810995824,-0.0928236715437808,2.7512233038245,0.00796067119077681,0.999995587728954,-3.94069446990236
"cg05395523",-0.0679061917796133,0.0571841614986218,-2.75035103736857,0.00797934538042746,0.999995587728954,-3.94284163650718
"cg01397050",-0.0834233404172922,0.0702512340356144,-2.75027277109015,0.00798102293570336,0.999995587728954,-3.94303427096135
"cg12417609",-0.0674355747497391,0.056787852420833,-2.74969661509892,0.00799338221380867,0.999995587728954,-3.94445221768323
"cg06683487",-0.0374877232597326,0.0315686090608274,-2.74705337145448,0.00805030895465934,0.999995587728954,-3.9509544551939
"cg05502376",0.0856609597826915,-0.0721355450801612,2.7465237557639,0.00806175983991798,0.999995587728954,-3.95225670689029
"cg07555731",-0.0687240203373646,0.0578728592314649,-2.74531295179586,0.00808799503047139,0.999995587728954,-3.95523318557225
"cg19282259",-0.084118459526143,0.0708365974956995,-2.74431186092278,0.00810974547114573,0.999995587728954,-3.95769337608403
"cg00671534",-0.0381159223963085,0.0320976188600493,-2.7438191607688,0.00812046996315448,0.999995587728954,-3.95890393963312
"cg01960280",0.0592703956648486,-0.04991191213882,2.74346249512225,0.00812824155256773,0.999995587728954,-3.95978016291767
"cg09246897",-0.0412739557604281,0.0347570153772026,-2.74337875426512,0.0081300672198133,0.999995587728954,-3.95998587711329
"cg22730830",0.0980016051407861,-0.0825276674869777,2.74328490761847,0.0081321136550554,0.999995587728954,-3.96021641105297
"cg10668414",-0.0406465086967805,0.034228638902552,-2.73956850325059,0.00821353566284531,0.999995587728954,-3.96934089573742
"cg10376476",-0.0759917195789796,0.0639930270138775,-2.73781528579715,0.00825220596886898,0.999995587728954,-3.97364209507196
"cg10824810",-0.0663593769783594,0.0558815806133553,-2.7376378747682,0.00825612838539534,0.999995587728954,-3.97407722327207
"cg18528073",-0.0656073326114575,0.0552482800938589,-2.73652047868324,0.00828087250692492,0.999995587728954,-3.97681731523803
"cg10414985",0.0430994090450752,-0.0362942391958528,2.73384455673909,0.00834040643841895,0.999995587728954,-3.98337576103484
"cg25047379",-0.0657166110926972,0.0553403040780608,-2.73283084711866,0.00836306192264941,0.999995587728954,-3.98585898928626
"cg08903619",-0.0428502521790143,0.036084422887591,-2.72932331769725,0.00844188872465045,0.999995587728954,-3.99444574380965
"cg06915202",0.0862923822790597,-0.0726672692876292,2.72924920305927,0.00844356168180367,0.999995587728954,-3.99462709206115
"cg08531052",-0.0902607346199366,0.0760090396799466,-2.72846776238603,0.00846121933019862,0.999995587728954,-3.99653893934822
"cg11643186",-0.041267889230535,0.0347519067204505,-2.72734274011557,0.00848670017873082,0.999995587728954,-3.9992906448789
"cg15050310",-0.0493545951787951,0.0415617643610905,-2.72615357817909,0.00851371029898071,0.999995587728954,-4.0021982841153
"cg11558850",-0.0375110818273132,0.031588279433527,-2.72591410471375,0.00851915913329293,0.999995587728954,-4.0027837069202
"cg26144999",-0.0386591981331108,0.0325551142173564,-2.72541036679859,0.00853063133032697,0.999995587728954,-4.00401502839966
"cg08391745",-0.0508248244954133,0.0427998522066637,-2.72409144566161,0.0085607358191034,0.999995587728954,-4.00723813157037
"cg23442151",0.0572031162854977,-0.0481710452930507,2.72409029552691,0.00856076211352241,0.999995587728954,-4.00724094168053
"cg20970369",-0.0381216144785685,0.0321024121924787,-2.72399288086221,0.00856298947994341,0.999995587728954,-4.0074789504447
"cg27142924",-0.058965014795734,0.0496547493016708,-2.72183628528671,0.00861243601523014,0.999995587728954,-4.01274638771497
"cg00032912",0.0450629493603034,-0.0379477468297292,2.72120649054534,0.00862692533232826,0.999995587728954,-4.01428404325329
"cg04094640",0.038163687644783,-0.0321378422271857,2.721063902701,0.0086302088707131,0.999995587728954,-4.01463213618548
"cg11139044",0.0533409047580719,-0.0449186566383763,2.72025542442347,0.00864884834735666,0.999995587728954,-4.01660557092401
"cg06238004",-0.0457642823208075,0.0385383430069958,-2.71896820372819,0.00867860147046456,0.999995587728954,-4.01974665044558
"cg19172429",-0.0826560027207031,0.0696050549226973,-2.71896246042951,0.00867873443259809,0.999995587728954,-4.01976066269984
"cg21251125",0.0357786026079196,-0.0301293495645639,2.71803996626426,0.00870011521262081,0.999995587728954,-4.02201102930936
"cg25015465",-0.0365658971063534,0.0307923344053502,-2.71789500374832,0.00870347941969392,0.999995587728954,-4.0223646029229
"cg03705220",0.066729233950784,-0.0561930391164497,2.71671004536063,0.00873102403623027,0.999995587728954,-4.02525425509522
"cg26539818",0.0526839543340406,-0.0443654352286657,2.71610652016776,0.00874508382597341,0.999995587728954,-4.02672564582231
"cg14753334",-0.069436191279608,0.0584725821301962,-2.71587558666058,0.00875046917004182,0.999995587728954,-4.02728859382921
"cg04827223",-0.0415457504852148,0.034985895145444,-2.71523620511111,0.00876539535208245,0.999995587728954,-4.02884702612864
"cg11503274",0.0724123744287965,-0.0609788416242497,2.71500232237563,0.00877086110971184,0.999995587728954,-4.02941702279847
"cg25581090",-0.045934589268335,0.038681759383861,-2.71435692203957,0.00878596010914228,0.999995587728954,-4.03098973504732
"cg01413354",0.0450278515673751,-0.0379181907935791,2.71302226708226,0.00881725972141864,0.999995587728954,-4.03424111162038
"cg03587978",0.0491609960084605,-0.0413987334808089,2.71261368462582,0.00882686200284214,0.999995587728954,-4.03523622069466
"cg12974138",-0.0600279085760711,0.0505498177482703,-2.71076939736369,0.00887032488917397,0.999995587728954,-4.03972657683548
"cg24825722",0.0352215440766919,-0.02966024764353,2.71041962602254,0.00887858978375462,0.999995587728954,-4.04057791330578
"cg02978140",-0.072432706869772,0.060995963679808,-2.70999878857806,0.00888854328808386,0.999995587728954,-4.04160211120839
"cg18121989",0.0557142164837751,-0.0469172349337054,2.70954156827516,0.00889936890332287,0.999995587728954,-4.04271471585347
"cg01286665",0.0859797224921812,-0.072403976835521,2.70946810242087,0.00890110948285833,0.999995587728954,-4.04289347495526
"cg24317406",-0.0646741837673538,0.0544624705409295,-2.70862742147626,0.00892104943375728,0.999995587728954,-4.0449387769381
"cg14415160",0.0512968702444878,-0.0431973644164107,2.70853193035159,0.00892331695782202,0.999995587728954,-4.04517106745353
"cg01683215",-0.0665845525270304,0.0560712021280256,-2.70766570462689,0.00894391043076019,0.999995587728954,-4.04727794932063
"cg10854092",-0.0426583717750561,0.0359228393895209,-2.70691588433435,0.00896177167732252,0.999995587728954,-4.04910128451627
"cg03979532",0.0519972638056923,-0.043787169520583,2.70669100624061,0.00896713480228204,0.999995587728954,-4.04964804393416
"cg10698920",0.0482858634268849,-0.0406617797279031,2.70625680920437,0.00897749830733497,0.999995587728954,-4.05070363390855
"cg09233658",-0.0587593602850069,0.0494815665557953,-2.70468878897022,0.00901501562785886,0.999995587728954,-4.05451461078694
"cg17110364",0.0652780187887642,-0.0549709631905382,2.70370409590953,0.0090386493458759,0.999995587728954,-4.05690697698764
"cg24003508",-0.0721672266170818,0.0607724013617531,-2.70368711455057,0.00903905741485268,0.999995587728954,-4.05694822825015
"cg15650058",-0.0464068863971522,0.0390794832818124,-2.70201598511862,0.00907929803049213,0.999995587728954,-4.06100677350578
"cg13665981",-0.0431610250177915,0.0363461263307717,-2.70123663252188,0.00909812083791082,0.999995587728954,-4.06289886669422
"cg08568736",0.039583174838495,-0.0333331998639958,2.70018882768353,0.00912348362463314,0.999995587728954,-4.06544203849488
"cg26409712",0.0610546968039741,-0.0514144815191361,2.6991868397156,0.0091477979709378,0.999995587728954,-4.06787329457345
"cg05059607",0.0588848332406634,-0.0495872279921377,2.69907620990933,0.00915048616211698,0.999995587728954,-4.0681416876633
"cg08685733",0.0533887423921833,-0.0449589409618386,2.6990271903186,0.00915167751945616,0.999995587728954,-4.06826060877313
"cg14694058",-0.0510810568784222,0.043015626844987,-2.69777444484951,0.00918217213635093,0.999995587728954,-4.07129919332058
"cg18808904",0.0539997795390816,-0.0454734985592266,2.69413092831855,0.00927139335268346,0.999995587728954,-4.08013050248197
"cg02784956",-0.040138128334307,0.0338005291236269,-2.69224054718525,0.00931799662220705,0.999995587728954,-4.08470885782196
"cg19535609",-0.0675417348033435,0.0568772503607103,-2.69204367708204,0.0093228623454161,0.999995587728954,-4.08518551915039
"cg11575131",0.0477384963711833,-0.0402008390494175,2.69180372097967,0.0093287961030123,0.999995587728954,-4.08576646377457
"cg22120095",0.067685930404264,-0.0569986782351697,2.69163953260772,0.00933285823018664,0.999995587728954,-4.08616394823615
"cg02939078",-0.0944638375446649,0.0795484947744546,-2.6901265877639,0.00937036578139651,0.999995587728954,-4.08982576267434
"cg00753924",0.0747621766900249,-0.0629576224758105,2.68959169200063,0.00938365942520378,0.999995587728954,-4.09112000235013
"cg00827382",-0.0479801253005187,0.0404043160425421,-2.68780960001747,0.00942807407172216,0.999995587728954,-4.09543053663294
"cg04990190",-0.0407816214575231,0.0343424180694931,-2.68594783854651,0.00947467981868824,0.999995587728954,-4.09993141719093
"cg12051980",0.0494264131093113,-0.0416222426183674,2.68274081966662,0.00955545645708924,0.999995587728954,-4.1076788541449
"cg23094961",0.0875531779185922,-0.0737289919314461,2.68067464207822,0.00960783158095553,0.999995587728954,-4.11266648175495
"cg17353900",-0.0465652893808852,0.0392128752681139,-2.68065887482659,0.00960823227007183,0.999995587728954,-4.11270453151189
"cg10767045",-0.0757669269962231,0.0638037279968195,-2.68054157349246,0.00961121369889997,0.999995587728954,-4.11298759932952
"cg16192197",-0.0383071368071751,0.0322586415218317,-2.68016107904604,0.00962089049252681,0.999995587728954,-4.11390573033491
"cg04043455",-0.152155489834598,0.128130938808082,-2.67978901488689,0.00963036150730542,0.999995587728954,-4.11480342154326
"cg03438305",0.0500810970484962,-0.04217355540926,2.6766493569046,0.00971062295857374,0.999995587728954,-4.12237473268766
"cg27008631",0.0482779611990029,-0.040655125220213,2.67534692453067,0.00974409726998709,0.999995587728954,-4.12551354163986
"cg01839492",0.0920642763737478,-0.0775278116831561,2.67474438530604,0.00975961904984059,0.999995587728954,-4.12696523617699
"cg19642408",-0.0670670808471457,0.0564775417660174,-2.67354290862805,0.00979063736814627,0.999995587728954,-4.12985919113019
"cg24622544",-0.0668416180378882,0.0562876783476953,-2.6734190988007,0.00979383886543406,0.999995587728954,-4.13015735027056
"cg21427300",0.0451513234276461,-0.0380221670969651,2.67314382778184,0.0098009603059189,0.999995587728954,-4.1308202202876
"cg27071793",-0.0935583609755374,0.0787859881899265,-2.67296407371654,0.00980561321684881,0.999995587728954,-4.1312530508873
"cg23157360",-0.0516385823908398,0.0434851220133388,-2.66888751489085,0.0099116784289989,0.999995587728954,-4.14106295480886
"cg01302668",0.080153411835818,-0.0674976099670045,2.66783730931025,0.00993917245869983,0.999995587728954,-4.14358830691922
"cg23502298",-0.0571289581342168,0.048108596323551,-2.66726937799777,0.00995406974809535,0.999995587728954,-4.14495364828698
"cg12734609",0.044191991429881,-0.0372143085725313,2.66687727803951,0.00996436675268422,0.999995587728954,-4.14589614877448
"cg18140268",0.0700796898733161,-0.0590144756827924,2.66669685680057,0.00996910809712262,0.999995587728954,-4.14632979570113
"cg26181818",0.0786554273432123,-0.0662361493416525,2.66612929427104,0.00998403669983973,0.999995587728954,-4.14769379785425
