"X","logFC","AveExpr","t","P.Value","adj.P.Val","B"
"cg09982942",0.0410546273287228,-0.0287164015623779,4.1455780780257,3.64345331948216e-05,0.118888451611708,-0.763739285328183
"cg05337761",0.0383903091198207,-0.0268527960066831,3.69472332476419,0.000230686404434992,0.165840235948155,-2.50872237124847
"cg10962762",0.0356910735370756,-0.0249647668623694,3.68529904329179,0.000239286358030831,0.16814054640281,-2.54311082443139
"cg16958467",-0.0487919023041495,0.0341283784733813,-3.6461291420057,0.000278361607243989,0.177474656125371,-2.68511975472758
"cg21830050",0.0366618655110594,-0.0256438048654485,3.38066852836477,0.000747862709190212,0.210374668347827,-3.60841805691229
"cg00901687",0.0399684175572479,-0.0279566324935005,3.29227705758271,0.0010246121562413,0.226283562975038,-3.90068537271032
"cg10833066",0.0360749726020746,-0.0252332920062384,3.26852891824826,0.00111370776328358,0.229186175647778,-3.97791452764784
"cg14906510",-0.0379849336906426,0.0265692488314867,-3.16177221609375,0.00160993797694634,0.246511653372306,-4.31830834456627
"cg25828445",-0.042593091962856,0.0297925084740189,-3.06894642525994,0.00219944721575852,0.261760081402102,-4.60525648399361
"cg08477332",-0.0505173300042641,0.0353352600827698,-2.95889791522955,0.00315186407159474,0.278700572049624,-4.93454754981942
"cg12870014",0.0465715093736748,-0.0325752844821183,2.87924743053688,0.004061561036356,0.291194693422832,-5.16549473302957
"cg04798314",-0.0486717174619997,0.0340443130119839,-2.82836201333107,0.00476151524919217,0.300484369570347,-5.30978642667456
"cg01620164",0.0370377552247128,-0.0259067277236688,2.75857494173787,0.00589926992437054,0.313306799531226,-5.50355019729977
