"X","logFC","AveExpr","t","P.Value","adj.P.Val","B"
"cg18313661",-0.0490501408803081,0.0327822549602058,-3.41277744619711,0.000779065213758182,0.999978488881246,-2.81279625589665
"cg17434634",-0.039754553045425,0.0265696259047312,-3.30763874934446,0.00111658675617137,0.999978488881246,-3.14863582628182
"cg27046936",-0.0438745097516293,0.0293231648088779,-3.11420571544151,0.00211664076070168,0.999978488881246,-3.74181171810994
"cg06917450",0.0564601388542345,-0.0377346656663979,2.71466557423157,0.00721747508507011,0.999978488881246,-4.86348320083481
"cg25487775",-0.0390700795488407,0.0261121637185719,-2.71442377822713,0.00722255399449851,0.999978488881246,-4.86411902923054
"cg07420274",0.0423692203774826,-0.0283171171367095,2.69920339402265,0.00754883604008059,0.999978488881246,-4.90403677051177
"cg05857999",-0.0437126739307607,0.0292150031798551,-2.67224223066207,0.00815964310658501,0.999978488881246,-4.97423421101937
"cg24088508",0.0919918531567249,-0.0614819923107759,2.65020982341014,0.00869149966528957,0.999978488881246,-5.03111184631759
"cg14943796",-0.0351472343024672,0.0234903626242619,-2.61977913527151,0.00947741369624636,0.999978488881246,-5.10894816084258
"cg07470512",-0.0384242524118919,0.0256805305064403,-2.60921143660348,0.00976492756499038,0.999978488881246,-5.1357822405546
