"X","logFC","AveExpr","t","P.Value","adj.P.Val","B"
"cg20357538",-0.0402482663728882,-0.0228971436648911,-5.9746047674659,4.34402793997697e-09,0.00011867507333848,8.61681723523984
"cg23189692",-0.0475704031733543,-0.0270626899942902,-5.91407520821145,6.13622752658627e-09,0.000133585673253783,8.27986602201392
"cg19081101",-0.0486690248920768,-0.027687693294902,-5.87850322466318,7.5071204762163e-09,0.000148572738879299,8.08324109266217
"cg04182865",-0.0430973905468691,-0.0245180036772543,-5.81281907288432,1.08651028456947e-08,0.000157688859300515,7.72289340466626
"cg17879101",-0.0361112101146123,-0.0205435821321318,-5.79033797479052,1.23210037131266e-08,0.000167642656771728,7.600374321094
"cg05613718",-0.0368392242582312,-0.0209577476587182,-5.76354056813367,1.43059215387136e-08,0.000173022173276553,7.45487546633692
"cg09674502",-0.0376532737180599,-0.0214208584734632,-5.71606474042333,1.86137170255306e-08,0.000173627766993484,7.1985558961371
"cg20720686",-0.0412166812769358,-0.0234480726162096,-5.7110043548913,1.91413247948719e-08,0.000173627766993484,7.17134499296531
"cg11589287",-0.036413720469301,-0.0207156795583229,-5.67634279032014,2.31675190294395e-08,0.000197965939416304,6.98553152269352
"cg14023999",-0.0356896277739043,-0.0203037449343668,-5.67264261343251,2.36431530768209e-08,0.000197965939416304,6.96575446696836
"cg04252203",-0.0379133938127977,-0.0215688401809026,-5.5997316625093,3.52082707892727e-08,0.00025395083928683,6.57837369337104
"cg01752594",-0.0427397188078863,-0.0243145250698409,-5.59957149220352,3.5238918259142e-08,0.00025395083928683,6.57752756822479
"cg15961455",-0.0428023283867772,-0.0243501435113752,-5.59150814945825,3.68157768964947e-08,0.00025395083928683,6.53495931873514
"cg27073431",-0.0387897023249422,-0.0220673700234415,-5.56295831938726,4.29699619519501e-08,0.000258740866482695,6.38467427590005
"cg02111865",-0.0451063713028225,-0.0256609080836924,-5.55110100995759,4.58101853784586e-08,0.000258740866482695,6.32245802535848
"cg13429095",0.0356782861520623,0.0202972927124921,5.50725198113172,5.79868640711056e-08,0.000307332829046868,6.0934006846802
"cg03834767",-0.037559759436899,-0.0213676584198107,-5.48840327051807,6.41395059223589e-08,0.000307332829046868,5.99543455971526
"cg09948350",-0.0411936237789784,-0.0234349552600881,-5.47657938620163,6.83180347943152e-08,0.000307332829046868,5.93413217757731
"cg20700740",-0.0455138739621101,-0.0258927353839563,-5.42131097468086,9.16230627428102e-08,0.000307332829046868,5.64914556908153
"cg12707346",-0.0367084601427011,-0.0208833562622847,-5.42059632730984,9.19699611242998e-08,0.000307332829046868,5.64547740173156
"cg13692972",-0.041323794205371,-0.0235090089081737,-5.41262539160557,9.59266252635164e-08,0.000307896452261466,5.6045930940162
"cg08574915",-0.03702040562349,-0.0210608213094264,-5.37779576679145,1.15241684389297e-07,0.000331159592089666,5.42657510200084
"cg23828301",-0.039937134740019,-0.0227201416139085,-5.37604845057196,1.16304142267409e-07,0.000331159592089666,5.41767137885887
"cg08091050",-0.0437291960208931,-0.0248774363189727,-5.37115080093671,1.19333080402383e-07,0.000331159592089666,5.39272839952671
"cg05627557",-0.0352367284174311,-0.0200460915603102,-5.3486638771866,1.34251058742877e-07,0.000332118812367322,5.27846647002271
"cg24056365",-0.0379105519789963,-0.021567223468366,-5.34272260736915,1.38485403564627e-07,0.000333553674111055,5.24834883418173
"cg16374656",-0.0393714815123896,-0.0223983428288988,-5.33933187839347,1.40959752035908e-07,0.000333553674111055,5.23117386998616
"cg21574244",-0.0435234042980646,-0.0247603618939778,-5.31725100104245,1.58154360680068e-07,0.000354950560000524,5.11956665299688
"cg07805029",-0.0416683603433901,-0.0237050317701569,-5.30723995588104,1.66604588456246e-07,0.000362698189069248,5.0691023830093
"cg01606027",-0.0403520445956601,-0.0229561828506807,-5.30471813635706,1.68801319336848e-07,0.000363842051679523,5.05640366346303
"cg03351487",-0.0435644283804579,-0.024783700397544,-5.29949176734118,1.73443738524623e-07,0.000370183351733437,5.03010327851971
"cg23312431",-0.0360652542919927,-0.0205174379732006,-5.29373789698131,1.78697902150428e-07,0.000377694498040273,5.00117521517032
"cg18634760",-0.0428029464596081,-0.0243504951315487,-5.29008298761824,1.82115195829514e-07,0.000378131551605392,4.98281446631819
"cg09166556",-0.0409003320634221,-0.0232681022959233,-5.27702584477602,1.94848650522189e-07,0.000393717404235189,4.91731356549624
"cg07621645",-0.0415006479795321,-0.0236096206025291,-5.27422909119845,1.97686205688718e-07,0.000393717404235189,4.90330256390361
"cg17525495",-0.0430354112819845,-0.0244827438198691,-5.26384861349452,2.08572560954132e-07,0.000393717404235189,4.85135730148818
"cg10702418",-0.0361252067244853,-0.0205515447704257,-5.24899022746228,2.25171881770737e-07,0.000393717404235189,4.77716367331859
"cg16624482",-0.0446587469059521,-0.0254062556216932,-5.2422983003453,2.3305949920068e-07,0.000393717404235189,4.74380975391813
"cg03406844",-0.0420599862773697,-0.0239278268388974,-5.24181009544728,2.3364529808991e-07,0.000393717404235189,4.7413779360363
"cg05323324",-0.0350582721802439,-0.0199445682285245,-5.24161689509729,2.33877513735208e-07,0.000393717404235189,4.74041563379739
"cg08836481",-0.0384993588124035,-0.0219021942850091,-5.24059528500063,2.35109152735758e-07,0.000393717404235189,4.73532767478745
"cg19963522",-0.0356288732233175,-0.0202691818140527,-5.22453620383733,2.55315806395309e-07,0.000421077659486808,4.65546507697768
"cg00980622",-0.0421581791760077,-0.0239836885469808,-5.21345958374692,2.70223162957541e-07,0.000439011810267587,4.6005087622572
"cg11341144",-0.0451562417057799,-0.0256892792381307,-5.19400466881997,2.98471480787211e-07,0.000461086379709037,4.50423749763032
"cg04144521",-0.0352890141139031,-0.0200758367695236,-5.19209588766166,3.01392275518039e-07,0.000461086379709037,4.49480945854213
"cg02889973",-0.035929829611475,-0.0204403951923549,-5.19113534212672,3.02872541563584e-07,0.000461086379709037,4.49006621634011
"cg14615559",-0.0405455041622641,-0.0230662415411305,-5.18365810368003,3.14638672544576e-07,0.000468715228936882,4.45317006399885
"cg20518446",-0.0462741970166185,-0.0263252813736275,-5.18250271957041,3.16495813751592e-07,0.000468715228936882,4.4474731310412
"cg07053114",-0.035781776361821,-0.0203561680483588,-5.16425730897291,3.47269103969428e-07,0.000497371604829898,4.3576607142371
"cg20242427",-0.0423688338966332,-0.024103529519935,-5.15506790684355,3.6384593031617e-07,0.000505411937252876,4.31253415735137
"cg03766264",-0.037237607719167,-0.0211843870685812,-5.15471860062749,3.64490923971987e-07,0.000505411937252876,4.31082024091432
"cg21263566",-0.0395255537618667,-0.0224859941676761,-5.15196656440884,3.69611411839023e-07,0.000509268382008577,4.29732067482974
"cg00259404",-0.0369856823876437,-0.0210410673425768,-5.13916998917367,3.94349845950599e-07,0.000523689930346956,4.23463492406551
"cg02052762",-0.0432872300973252,-0.0246260029490689,-5.11631423457893,4.42577889055047e-07,0.000548833033942181,4.12302254434188
"cg10826999",-0.0416491823712527,-0.0236941214671103,-5.11591770045346,4.43463017972034e-07,0.000548833033942181,4.12109009294808
"cg08476055",-0.0376883267596369,-0.021440800066014,-5.11430620450809,4.47077795948125e-07,0.000549880430383654,4.11323809188454
"cg11464160",-0.0350906569671227,-0.0199629918572805,-5.10567617069691,4.66926361433768e-07,0.000564721493800729,4.0712262971775
"cg05501357",-0.037202850700408,-0.0211646138827125,-5.09357059901741,4.96210852057765e-07,0.000590301106518991,4.01240316657565
"cg27428551",-0.0371938742803947,-0.021159507218571,-5.09035975219012,5.04271521298567e-07,0.000596629946666837,3.99682223924162
"cg19152255",-0.0433731016523736,-0.0246748550738897,-5.07855467915323,5.3501054593797e-07,0.000610898184167776,3.93961331958743
"cg14919082",-0.0357930777860109,-0.0203625974018842,-5.0764407413809,5.40703020848991e-07,0.000610898184167776,3.92938156723699
"cg09571972",-0.0444716732197391,-0.025299829843513,-5.06889968154201,5.61490847426672e-07,0.000630085347859724,3.89291314329475
"cg05171937",-0.0430614994116149,-0.0244975852951903,-5.06522819356519,5.71889411784654e-07,0.0006308949874183,3.87517562807428
"cg09357350",-0.0361510828029175,-0.0205662656103212,-5.05066975002254,6.14985868518965e-07,0.000656286390081268,3.80495595308461
"cg06634140",-0.0352352763696587,-0.0200452654937625,-5.03380708024455,6.68832058135225e-07,0.00069335590026685,3.72385080722942
"cg03992323",-0.0350991013702215,-0.0199677958582559,-5.02436878967983,7.00930834175128e-07,0.000712210247132878,3.67856217062172
"cg25790531",-0.0394615718193405,-0.0224495949917114,-5.00729466540958,7.62819996751592e-07,0.000761770244462484,3.59682933241731
"cg17090611",-0.0472602858714741,-0.026886264993811,-4.98881301081915,8.35756907977637e-07,0.000801811160256487,3.50864282948288
"cg01763719",-0.0447283995265884,-0.0254458808330394,-4.98752938434081,8.41065481299288e-07,0.000801811160256487,3.50252889304065
"cg22153407",-0.0359414463255556,-0.0204470039135543,-4.98737690218344,8.41698247443269e-07,0.000801811160256487,3.50180271250824
"cg04247152",-0.0447947305153726,-0.0254836163758714,-4.97930249428854,8.7587004362797e-07,0.000816320994459113,3.46337793438397
"cg14181409",-0.0375874779753643,-0.0213834274308667,-4.97362609562136,9.00691206006563e-07,0.000826915013781399,3.43639868602866
"cg25139649",-0.0374599123178066,-0.0213108556296183,-4.96215679327796,9.52932317875395e-07,0.000845430777983012,3.38197164733094
"cg21002528",-0.0360560182483231,-0.0205121836097743,-4.96046304468013,9.6089086821825e-07,0.000845430777983012,3.3739437045729
"cg10647833",-0.0408909763389714,-0.0232627798463834,-4.94723015288629,1.02531729448194e-06,0.000881501694563038,3.31130876811118
"cg07468327",-0.0386709594002826,-0.0219998174540978,-4.94542491131458,1.03442330555202e-06,0.000883113543602646,3.3027758354043
"cg04605532",-0.0405590282970835,-0.0230739353894825,-4.93544447466308,1.08619278447146e-06,0.000918033664378556,3.2556518107202
"cg16844053",-0.0353238311122289,-0.0200956440776263,-4.93357317096827,1.09617391766239e-06,0.000918033664378556,3.2468258158272
"cg12313149",-0.0402155685931177,-0.0228785419752186,-4.92200497778438,1.15986982512916e-06,0.000948475243849966,3.19233200227874
"cg07268332",-0.0354047915253921,-0.0201417022654298,-4.90992758787026,1.2301757271233e-06,0.000978640063282235,3.13556361062401
"cg00828556",-0.0438704740784917,-0.0249578090722128,-4.90837008319485,1.23953636093207e-06,0.000978640063282235,3.12825196880566
"cg17951713",-0.0371118882400885,-0.0211128655539086,-4.9030596325084,1.27197168125769e-06,0.000984558152335611,3.10333813512812
"cg24760467",-0.0357493822025769,-0.0203377390876865,-4.90090052663979,1.28539194300972e-06,0.000984558152335611,3.09321576322247
"cg12182708",-0.0367851052102051,-0.0209269594601363,-4.88755666391753,1.37141418544435e-06,0.00101896542037964,3.03074675123263
"cg16701266",-0.0398413000330286,-0.0226656214754829,-4.88434029756511,1.39296470020512e-06,0.00103145719467569,3.01571258232835
"cg04771100",-0.0392012458026752,-0.0223014961357739,-4.88226988427961,1.40700942787187e-06,0.00103481740691792,3.00603967465859
"cg24743156",-0.0397034961467138,-0.0225872251700793,-4.87668974347212,1.44554597137682e-06,0.00105316459878798,2.97998801833201
"cg16998950",-0.0396935265027085,-0.022581553463155,-4.86381328293598,1.53839460494808e-06,0.00109152572431522,2.91997602270393
"cg21426759",-0.0354990132797064,-0.0201953047988881,-4.86065135865114,1.56205902693032e-06,0.00109681568232163,2.90526166912882
"cg09789874",-0.037250300993244,-0.0211916082422195,-4.85291948169024,1.62141360362155e-06,0.00109963159348415,2.86931727710139
"cg07151747",-0.0379904585097058,-0.0216126821049311,-4.84789516677149,1.6611425092028e-06,0.0011137723163451,2.84598790813963
"cg23428738",-0.0392786016033955,-0.0223455036680734,-4.84105148838916,1.71677015010632e-06,0.00113254806569135,2.81424613857039
"cg26709988",-0.0414207284603308,-0.0235641545768417,-4.83580325687888,1.76064160508866e-06,0.00115798089857342,2.78993193369634
"cg14578677",-0.0376301550723851,-0.0214077063305498,-4.83066949196556,1.80460052829748e-06,0.00117619519129203,2.76617130417722
"cg26561681",-0.038779098238767,-0.0220613373838655,-4.82366072543518,1.86632556914775e-06,0.00118190343557274,2.73376976397256
"cg22579028",-0.0418136571843983,-0.0237876907997856,-4.82244839008317,1.87720677796143e-06,0.00118190343557274,2.72816948945428
"cg23894058",0.0372049772495536,0.021165823671498,4.80909983036179,2.00113049498151e-06,0.00123412495398718,2.66659195787552
"cg02262553",-0.0376552328299127,-0.0214219730075685,-4.79594137496341,2.13098287239029e-06,0.00128983533466247,2.60604389723498
"cg24514600",-0.0399213989413883,-0.0227111895552385,-4.79551976609496,2.13527483261829e-06,0.00128983533466247,2.6041063871034
"cg06655349",-0.0352420867132778,-0.02004913988216,-4.78516849307369,2.24330049301997e-06,0.00132582316591678,2.55658575643427
"cg22111527",-0.0362480020595299,-0.0206214027464649,-4.77399313669834,2.36583118090551e-06,0.00135081030071328,2.50538725583528
"cg25600606",-0.0390989386799091,-0.0222432938553026,-4.77304814006035,2.37648298196227e-06,0.00135081030071328,2.50106288875865
"cg04609694",-0.0418039850121797,-0.0237821883238581,-4.77246172492972,2.38311613230932e-06,0.00135105307813474,2.49837980782565
"cg16378063",-0.0415774672889034,-0.0236533229261675,-4.76368719658588,2.48452252902044e-06,0.001379529259237,2.45826886799567
"cg11168614",-0.0363742074468791,-0.0206932006932049,-4.76114403004434,2.51468192216411e-06,0.001379529259237,2.44665592460041
"cg04231085",-0.0354445164735448,-0.0201643016945953,-4.7303768651481,2.90864875926914e-06,0.00148991255268916,2.30661239218638
"cg05624376",-0.0382990655420833,-0.0217882479166576,-4.72652305642711,2.96199455245301e-06,0.00150238279852281,2.28912949942326
"cg23670353",-0.038010619482233,-0.0216241516345775,-4.72568363310725,2.97373837953633e-06,0.00150238279852281,2.2853231664944
"cg12691572",-0.0407212353869863,-0.0231662146197619,-4.7174735953476,3.09098675828843e-06,0.00152933594836225,2.24812770650685
"cg06992688",-0.0384661114635064,-0.0218832799467585,-4.69864977706567,3.37683762278989e-06,0.00161799049412982,2.16307035493259
"cg07302959",-0.0389662521292064,-0.0221678087900407,-4.69683825447629,3.40565037050857e-06,0.00161799049412982,2.15490124510891
"cg21834463",-0.0361234820932,-0.0205505636317615,-4.69348046315332,3.45968344374905e-06,0.00163024477425144,2.13976683215083
"cg25356504",-0.0378380040414248,-0.0215259511180547,-4.69051655239636,3.50806251063356e-06,0.00164237679261274,2.12641598380728
"cg16762030",-0.0383960490773681,-0.0218434216207861,-4.67647301984091,3.74627336297228e-06,0.00170263822780598,2.06326245313003
"cg17837191",-0.0359432600145669,-0.0204480357169484,-4.67572128144607,3.75945364494527e-06,0.00170483725705716,2.05988679605057
"cg00439981",-0.0463457904136902,-0.0263660106881033,-4.67486023421366,3.77460522692491e-06,0.00170483725705716,2.05602090286414
"cg01057573",-0.0376985331360951,-0.0214466064494714,-4.67404831743672,3.78894604398102e-06,0.00170571397793767,2.05237619186116
"cg03418002",-0.0451816627434738,-0.0257037412064251,-4.67365117025173,3.795979885117e-06,0.00170571397793767,2.05059360156571
"cg03340036",-0.0405549886018106,-0.0230716372163843,-4.67025571937792,3.8566310900155e-06,0.00171344609856403,2.03535883521504
"cg08305575",-0.035346924335491,-0.0201087817577892,-4.66214442876665,4.00531327254163e-06,0.00175444003909922,1.99900608875779
"cg01058360",-0.0429289455225057,-0.0244221757007956,-4.65021366314458,4.2340602475732e-06,0.00180306992031595,1.94564083989847
"cg15684702",-0.0362292725907187,-0.0206107475959011,-4.65012457484463,4.23581465210462e-06,0.00180306992031595,1.94524282814122
"cg20954870",-0.0355853972719915,-0.0202444484480424,-4.64826424481249,4.2726099094337e-06,0.00180962485852863,1.93693319932237
"cg24914483",-0.0402781693969291,-0.0229141554246309,-4.64612583783866,4.31528471602663e-06,0.0018100914887842,1.9273852426818
"cg11597277",-0.0433523418430378,-0.0246630448673974,-4.64250209326361,4.38853825270307e-06,0.00182312463305397,1.91121448772168
"cg01441127",-0.0386017552724997,-0.0219604473892765,-4.63829500211238,4.47508326269711e-06,0.00183873998603153,1.89245512027074
"cg09417547",-0.0375327312302384,-0.0213522821368876,-4.63822719544859,4.47649146806023e-06,0.00183873998603153,1.89215289913061
"cg20107506",-0.0444428391367632,-0.0252834262018201,-4.62300908107664,4.80354706024236e-06,0.00190738526992701,1.82442693504906
"cg01477971",-0.0422776139343381,-0.0240516346988656,-4.6207868523974,4.85318530730114e-06,0.00192097898436265,1.81455435242566
"cg05971678",-0.0428475062229795,-0.0243758450756713,-4.61590436680635,4.96398250136021e-06,0.00193641553472747,1.79287850795979
"cg06102602",-0.0403599830777201,-0.0229606990343723,-4.61059586193334,5.08720326499232e-06,0.00197061236795165,1.76933525456752
"cg01565508",-0.0362379927943796,-0.0206157084991648,-4.60476101802803,5.22602958546395e-06,0.00200606015803535,1.74348642668341
"cg18279004",-0.0363819606715002,-0.0206976114843771,-4.60197731908485,5.29353610970339e-06,0.00201115656183268,1.73116502469695
"cg09187107",-0.0350677764974049,-0.0199499752121064,-4.60158474925732,5.30312329580092e-06,0.00201115656183268,1.72942795623928
"cg23137881",-0.0407214014430675,-0.0231663090886743,-4.59889828746501,5.36917989775388e-06,0.00202226723830626,1.71754438416613
"cg17207736",-0.0354548231169758,-0.0201701651196968,-4.58905618143916,5.61799934797522e-06,0.00205898730312156,1.67406234752625
"cg19429405",-0.0355634949754385,-0.0202319882832711,-4.58778176750169,5.65101627181141e-06,0.00206760713003923,1.66843830585914
"cg03423077",-0.0381927015312077,-0.021727737682124,-4.57971655738923,5.86432646626688e-06,0.00209632819656207,1.63287954153677
"cg23314364",-0.0358790117221497,-0.02041148501516,-4.57330092953568,6.03950661335026e-06,0.00213350884493173,1.60463476797128
"cg24933919",-0.0360952871956415,-0.0205345236211425,-4.55911568519814,6.44484310012367e-06,0.00219567178519247,1.54231374918504
"cg24496021",-0.0401088913850065,-0.0228178535635174,-4.55758621006873,6.49007446171842e-06,0.00219572731402019,1.53560485174405
"cg02098075",-0.0393430250043696,-0.0223821539887063,-4.5510722947993,6.68614537680674e-06,0.00223934438235512,1.5070554097309
"cg01440934",-0.0359875507611232,-0.0204732326180407,-4.54804360471231,6.77923369140123e-06,0.00226009061962948,1.49379396467505
"cg08169020",0.0368433559917088,0.0209600981921336,4.53802779781029,7.09601146569199e-06,0.00231604452186079,1.44999663333075
"cg10548102",-0.0403573970707086,-0.0229592278610921,-4.53736990676577,7.11730866724629e-06,0.00231951810907113,1.44712290922299
"cg09501509",-0.0350031253502348,-0.0199131953272005,-4.53488997588838,7.19814130319452e-06,0.0023388587488141,1.43629381343878
"cg04855678",-0.037412270531239,-0.0212837523297797,-4.53353464319189,7.24268935555021e-06,0.00234632957247512,1.43037779928511
"cg19092837",-0.035257203090792,-0.02005773955362,-4.53069108951196,7.33701429948987e-06,0.00236632298222066,1.41797101481284
"cg16163847",-0.0358204993618126,-0.0203781974715824,-4.5235554005348,7.57893214977226e-06,0.00243353027876906,1.38686871610182
"cg10426076",-0.0397097400619907,-0.0225907773187309,-4.51959515637382,7.7164761795326e-06,0.00245729671732135,1.36962673020937
"cg04747180",-0.0363215457256426,-0.0206632415643912,-4.5193782435371,7.72407855666116e-06,0.00245729671732135,1.36868274441274
"cg27123392",-0.036271606230282,-0.0206348311034479,-4.51915351113888,7.73196256943099e-06,0.00245729671732135,1.36770477265334
"cg07790752",-0.0356660704054576,-0.0202903432031047,-4.51671064486638,7.81816201463276e-06,0.00247385737003714,1.35707700526205
"cg23745290",-0.0418535759743661,-0.023810400505102,-4.51148515319908,8.00565396080721e-06,0.00250406733802835,1.33436114089031
"cg24737761",-0.0358747846966873,-0.0204090802703595,-4.50245604698541,8.33982436999113e-06,0.00255822866550807,1.29516768962738
"cg26298914",-0.038331405211622,-0.0218066458782653,-4.4875916249422,8.919276219055e-06,0.00267087542350519,1.23080228345053
"cg13581015",-0.0368278352282931,-0.0209512684664895,-4.48496061485713,9.0257796335819e-06,0.00267831716284796,1.21943005169172
"cg25218152",-0.0357460324652908,-0.0203358334300572,-4.47375893618457,9.49301983244841e-06,0.00276017945393247,1.17108107766382
"cg03120555",-0.0375484326573604,-0.0213612146416873,-4.46324576617016,9.95255803528043e-06,0.00284752502276793,1.12580551400982
"cg23338668",-0.0352353014449283,-0.0200452797590242,-4.45608711176025,1.0277582607955e-05,0.00288714087361118,1.09503272017482
"cg05697976",-0.036524934609137,-0.020778949019765,-4.44958608980258,1.05815373979329e-05,0.00293452317392355,1.0671264578165
"cg03048029",-0.0401929191086729,-0.0228656567370206,-4.44388868822644,1.08549810124078e-05,0.00298752132288391,1.04270079821955
"cg02927682",-0.0404375149432281,-0.0230048067295136,-4.43027599943635,1.15359809626832e-05,0.00311973050382128,0.984458297808349
"cg19320820",-0.0366295409254979,-0.0208384593060412,-4.42325875659283,1.19028226463093e-05,0.00317576948375459,0.95449930816946
"cg23478547",-0.0514052438436862,-0.0292443217929632,-4.42165998461644,1.19879502841014e-05,0.00319043615751696,0.947679757608519
"cg25006077",-0.0351820763647279,-0.0200150001366267,-4.41820425508481,1.21739484280007e-05,0.00321634535531039,0.932947166688491
"cg22249612",-0.0355611362328744,-0.0202306464001982,-4.41736431315423,1.22195722485926e-05,0.00322019155272977,0.929367907097809
"cg10611016",-0.0394261662331779,-0.0224294528373788,-4.41356951371332,1.2427745269384e-05,0.00324792334351129,0.913204915127984
"cg09467433",-0.0416672570809003,-0.0237044041267327,-4.40907933793299,1.26784499264155e-05,0.00328051617150666,0.894096759616378
"cg01982833",-0.0351295773175815,-0.0199851335527186,-4.40655591430654,1.28214596756164e-05,0.00328051617150666,0.883366117810114
"cg17239057",-0.0370258732846455,-0.021063931848942,-4.39758147382791,1.3342678198642e-05,0.00334888389300357,0.845249194223681
"cg01435643",-0.0356080495292843,-0.020257335263707,-4.39689739303549,1.3383229154401e-05,0.00334888389300357,0.842346667699664
"cg12709880",-0.036122416543574,-0.0205499574430963,-4.39455706999042,1.35228524840134e-05,0.00336448569802254,0.832419938131132
"cg06997767",-0.039026677066914,-0.0222021843943665,-4.38372699469149,1.41873205088852e-05,0.00342957278321444,0.786546802738021
"cg00278392",-0.0361076443742734,-0.020541553590876,-4.36587815054217,1.5351072513942e-05,0.00358576017841756,0.711173170117428
"cg04858164",-0.0450510750016251,-0.0256294501485624,-4.34855551823503,1.65674247732389e-05,0.00375329853115241,0.63829447336783
"cg13277939",-0.0353770888228962,-0.0201259422634193,-4.33468957064115,1.76069046626939e-05,0.00384811480255284,0.580152323851495
"cg09290120",-0.0364413219911507,-0.0207313819989027,-4.33001355869369,1.79712910364832e-05,0.0039006481142995,0.560583931119071
"cg17100943",-0.0364189626210999,-0.0207186618060981,-4.32618898373861,1.82746739139843e-05,0.0039390064466083,0.544593255262001
"cg04552418",-0.0371015318821831,-0.0211069738463601,-4.32223620778378,1.85933655344834e-05,0.00397010838508772,0.528080359768367
"cg09416908",-0.0352884344380769,-0.0200755069933154,-4.3216835097704,1.86383475717757e-05,0.00397010838508772,0.525772556912965
"cg25761791",-0.0418180121762931,-0.0237901683443872,-4.31071070290843,1.95532014782197e-05,0.00409301150173887,0.480012122277516
"cg12816198",-0.0356718633884673,-0.0202936388174548,-4.30805206205236,1.97812351107557e-05,0.00412370652266661,0.46894093258453
"cg06373940",-0.0381312492381737,-0.02169277761778,-4.30352750215892,2.01751609192806e-05,0.0041787917941759,0.450114224374232
"cg12678686",-0.0399239987391126,-0.0227126685740228,-4.29075260213691,2.13282395893514e-05,0.00430603874988352,0.397057106714472
"cg04603130",-0.0368781387941158,-0.0209798860462588,-4.27647478901423,2.26913917759167e-05,0.00442248521899469,0.337931656546463
"cg06122230",-0.0350680417936085,-0.0199501261384899,-4.27359433421888,2.29763004018601e-05,0.0044620344312979,0.326025712324826
"cg25117875",-0.039078614574294,-0.0222317315196279,-4.27268779171286,2.306667156234e-05,0.00446326065554547,0.322280194036352
"cg21184369",-0.0359863571479941,-0.020472553574351,-4.26857736099205,2.34807045804569e-05,0.00449229556866977,0.305306601946194
"cg12488187",-0.0357920460362569,-0.0203620104418864,-4.26855559880751,2.34829153871451e-05,0.00449229556866977,0.305216777750951
"cg26288715",-0.0353725244936293,-0.0201233456272812,-4.2624129462768,2.41149489307145e-05,0.00456109850757302,0.279879799884277
"cg14575356",-0.0358449714367047,-0.0203921195771805,-4.25022871059768,2.54169706156321e-05,0.00466156234458561,0.229723249879282
"cg12809098",-0.0358439048267539,-0.020391512785299,-4.21542240244498,2.9516103052328e-05,0.00506755176221752,0.0871795743269796
"cg01040749",-0.0356215413063956,-0.0202650107038354,-4.19150540715331,3.26902268079616e-05,0.00541987791792966,-0.0101351302375434
"cg18415791",-0.0352202783929862,-0.0200367331802618,-4.18643540133153,3.34036522643033e-05,0.00547612844934213,-0.0306978700139133
"cg03155200",-0.042066255429564,-0.0239313933447716,-4.18598010771207,3.34684396765519e-05,0.00548237721413495,-0.0325432963499672
"cg02067584",-0.0355835698963481,-0.0202434088583555,-4.17244702103134,3.54497535804685e-05,0.00567333881731067,-0.0873109534184611
"cg11239720",-0.0357761979733395,-0.020352994516329,-4.16857019887364,3.60376143738645e-05,0.00571830989619272,-0.102969728965952
"cg08110693",-0.0380033817012842,-0.0216200340780928,-4.16671837012385,3.63216812342288e-05,0.00571835815729846,-0.110444607273243
"cg23079808",-0.0379747536903139,-0.021603747670277,-4.15160592820579,3.87209372235876e-05,0.00591962642807234,-0.171329781604742
"cg20513976",0.0353486023425064,0.0201097363720164,4.14583261589819,3.96767410211641e-05,0.00597285362416518,-0.19453480408872
"cg09205945",-0.0353102736743186,-0.0200879312832245,-4.14196246722728,4.03299934122944e-05,0.00602954763741476,-0.210073431332942
"cg17331920",-0.0367894351698612,-0.0209294227639565,-4.1367883731756,4.12193470137093e-05,0.00609195644595012,-0.230826204004613
"cg10501210",-0.0418933433310367,-0.0238330240603734,-4.12497244364506,4.33208343175433e-05,0.00623327536743501,-0.278127783601928
"cg19430537",-0.0397110018831503,-0.022591495165808,-4.11863757178256,4.4489085520477e-05,0.00633024439072409,-0.303435469464173
"cg05398700",-0.0427022938769851,-0.0242932341150565,-4.09984137907594,4.81343561138925e-05,0.00663218311771798,-0.378311718614716
"cg07737292",-0.0355292181293337,-0.020212488266491,-4.08180479633478,5.18980118994962e-05,0.00692962736190694,-0.449860589305022
"cg21492378",-0.0363945239015924,-0.0207047586762996,-4.08171930063392,5.19165008142867e-05,0.00692962736190694,-0.450199036718317
"cg06218079",-0.0379674089781326,-0.0215995692808668,-4.07761892899393,5.2810615637226e-05,0.0069974869289252,-0.466423171649241
"cg19903071",-0.0350182842838182,-0.0199218192087076,-4.05357130604183,5.83561578538998e-05,0.00733693970055554,-0.561266010801173
"cg26930596",-0.0363270224699989,-0.0206663572713183,-4.04072680573896,6.15404774765705e-05,0.00756058800600982,-0.611708765284169
"cg14101485",-0.0367276852919245,-0.0208942934042642,-4.03294036057129,6.35504452753364e-05,0.00773765768257312,-0.64221450838086
"cg11083848",-0.0358212509910409,-0.0203786250716748,-4.02701168869392,6.51224825377973e-05,0.00784734652311127,-0.665404857192609
"cg07450214",0.0387453584289946,0.0220421428857863,4.02503683308322,6.56542780997344e-05,0.00787927871265752,-0.673122515439716
"cg22528270",-0.0363885289291404,-0.020701348150633,-4.02114669374778,6.67139082234237e-05,0.00798000979134029,-0.688314638653682
"cg27365701",-0.0353001792879978,-0.0200821886106917,-4.02039157124815,6.69214675185306e-05,0.00799674166710038,-0.691262013836212
"cg22820233",-0.0351151709400208,-0.0199769377985552,-4.00925903056751,7.00534735519012e-05,0.0082346874688169,-0.73465398740297
"cg19447962",-0.0417145579252378,-0.023731313465342,-3.9794690698794,7.91328755529384e-05,0.00882090476593686,-0.850212466527037
"cg26038582",-0.0509895797867304,-0.0290078514928448,-3.88231881291397,0.000117125546406739,0.0112158665301601,-1.22143585395682
"cg19374305",-0.0454045860577449,-0.0258305617533234,-3.87653293169524,0.000119862129276503,0.011335354276062,-1.243271841423
"cg14989033",0.0372686851665219,0.0212020669549702,3.85414501305484,0.000131031305535,0.0119472472502005,-1.32747487810793
"cg19398112",0.0374144914875678,0.0212850158265888,3.84807288096411,0.000134226135001887,0.0120910369685418,-1.35023344124398
"cg04739200",-0.0384232070432349,-0.0218588717234151,-3.80801856766613,0.000157217785792728,0.0133176311155941,-1.4995098534594
"cg19673549",-0.0350158154982636,-0.0199204147224374,-3.76802766860524,0.000183846564520776,0.0146971644103967,-1.64707784079839
"cg09163005",0.042975804069917,0.0244488334177283,3.65021187986734,0.000289167766628474,0.0197032309217586,-2.07324776493884
"cg03549146",-0.0425307400975308,-0.0241956375751701,-3.34337297269424,0.000888788553066292,0.0395926474324804,-3.12266697236332
"cg27494647",-0.0381332281839156,-0.0216939034353378,-3.17220647534156,0.0016044169486477,0.0571001421809062,-3.66977693117019
"cg01517680",-0.0406030598304714,-0.0230989848248155,-3.10550367012267,0.00200570570946883,0.0648344701491542,-3.87550396344475
"cg02341645",-0.0358790596892289,-0.020411512303518,-3.05443513644963,0.00237328537865647,0.0714315259136616,-4.03016597702183
"cg00106345",-0.0372150559742348,-0.0211715574341611,-2.92064663065285,0.00364844284275762,0.091003821001517,-4.4236116014792
"cg14687298",-0.0485171209537404,-0.0276012755032106,-2.83945229320616,0.0047003263696265,0.105175762046697,-4.65407966907013
"cg05280698",0.0377705118987657,0.0214875549975262,2.83457758256825,0.0047714851790961,0.105839332127661,-4.66771620555228
"cg02331910",-0.0360220499934881,-0.0204928591498387,-2.60047525623965,0.00958079471651372,0.153333318354975,-5.29580523555632
