"X","logFC","AveExpr","t","P.Value","adj.P.Val","B"
"cg14422446",0.0452972215430175,0.0226486107715087,5.32249471152443,1.88884974853891e-05,0.999995069337841,2.13445035436003
"cg18181703",-0.0658406907487631,-0.0329203453743815,-4.95166238357196,4.80214355319703e-05,0.999995069337841,1.19868434015818
"cg00246451",-0.0359073919177649,-0.0179536959588825,-4.92057002086898,5.19452936244033e-05,0.999995069337841,1.12009192053809
"cg07376282",0.191794177635387,0.0958970888176938,4.91719766587742,5.23898258350707e-05,0.999995069337841,1.11156711579972
"cg25508605",0.0386286862557042,0.019314343127852,4.79811046869365,7.08010195048567e-05,0.999995069337841,0.810512403989435
"cg06484274",-0.050144892831305,-0.0250724464156525,-4.52879395439715,0.000140067459932152,0.999995069337841,0.130299720984612
"cg19197744",-0.0511791749268838,-0.0255895874634419,-4.47497087845823,0.000160539809821839,0.999995069337841,-0.00538292981608279
"cg17712928",0.0694238856295868,0.0347119428147935,4.32099601316979,0.00023714133050902,0.999995069337841,-0.392729041587791
"cg12134570",-0.0363176346670437,-0.0181588173335218,-4.24749437995247,0.000285635308711918,0.999995069337841,-0.577098968321045
"cg00966098",-0.0428472578059724,-0.0214236289029862,-4.20445499743138,0.000318488761430432,0.999995069337841,-0.68486428215457
"cg15380836",-0.0404824818348276,-0.0202412409174139,-4.20320593094313,0.000319496336997198,0.999995069337841,-0.687989486962308
"cg01242976",0.0466098734027851,0.0233049367013925,4.18018544157663,0.000338643831609254,0.999995069337841,-0.745563247247306
"cg17242937",0.0350295197340511,0.0175147598670255,4.16691286803956,0.000350197232874836,0.999995069337841,-0.778736289865027
"cg27407935",-0.0888482270897768,-0.0444241135448884,-4.08672581421931,0.00042880698205999,0.999995069337841,-0.9787971341376
"cg10531355",-0.0511024519195647,-0.0255512259597824,-3.96368472809136,0.000584675159733684,0.999995069337841,-1.28443788878255
"cg24953596",0.0371769212624436,0.0185884606312219,3.96142970603356,0.000588001614862292,0.999995069337841,-1.29002272052454
"cg12392104",-0.0499748535194725,-0.0249874267597362,-3.93982793854467,0.000620830403756771,0.999995069337841,-1.3434892874929
"cg11851792",0.0592091377253071,0.0296045688626536,3.93424187684477,0.000629610451717077,0.999995069337841,-1.35730555989235
"cg23155965",-0.079245992628147,-0.0396229963140735,-3.90771365778154,0.000673010564201148,0.999995069337841,-1.42286273693286
"cg19880751",0.0571638658973234,0.0285819329486617,3.9056739195489,0.000676467361838836,0.999995069337841,-1.42789947440923
"cg10018519",-0.0393785493694515,-0.0196892746847258,-3.90106693657149,0.000684339589176155,0.999995069337841,-1.43927343716292
"cg25496930",-0.0760016927359075,-0.0380008463679537,-3.85034467296468,0.00077722077445035,0.999995069337841,-1.56430302395864
"cg13672342",-0.0466478054416164,-0.0233239027208082,-3.83993661193865,0.000797764032138289,0.999995069337841,-1.58991295530198
"cg23345340",0.0560446300728111,0.0280223150364055,3.82907699609569,0.000819769222428079,0.999995069337841,-1.616616840921
"cg04896678",-0.0501944027285636,-0.0250972013642819,-3.8277476443549,0.000822503698473401,0.999995069337841,-1.61988451422185
"cg00791854",-0.0493026965546102,-0.0246513482773051,-3.81354628905102,0.000852282682237457,0.999995069337841,-1.65477609516045
"cg08209294",0.0454092164148932,0.0227046082074465,3.79967250539561,0.000882399689019954,0.999995069337841,-1.68883299567381
"cg12403778",-0.037060607176141,-0.0185303035880705,-3.78024400663972,0.000926343325842246,0.999995069337841,-1.73647483799645
"cg14562523",0.0875043933989835,0.0437521966994918,3.72795873578165,0.00105558248558367,0.999995069337841,-1.86438330907313
"cg03607951",-0.0605591290383406,-0.0302795645191702,-3.71933679566113,0.00107853336567724,0.999995069337841,-1.88543177113195
"cg07815799",0.0503893893239619,0.025194694661981,3.71919370522945,0.00107891836762446,0.999995069337841,-1.88578098581183
"cg15859390",0.0616387852843374,0.0308193926421687,3.7181685169231,0.00108168071237041,0.999995069337841,-1.88828287275858
"cg08727996",0.0372923277295799,0.01864616386479,3.69002437557453,0.00116028783019809,0.999995069337841,-1.95689498511205
"cg23139584",-0.0472774863558449,-0.0236387431779224,-3.67632346776823,0.00120055859841785,0.999995069337841,-1.99024555422595
"cg21253043",0.0579332321509305,0.0289666160754653,3.66644878955712,0.00123043054456602,0.999995069337841,-2.01426139897926
"cg04852348",0.0701455657693429,0.0350727828846715,3.65926911778852,0.00125260651587009,0.999995069337841,-2.03171166145939
"cg03870862",-0.0575433439207277,-0.028771671960364,-3.63107629058428,0.00134354128127885,0.999995069337841,-2.10014220870792
"cg08954353",-0.0422984321769936,-0.0211492160884968,-3.60634536707267,0.00142861518687241,0.999995069337841,-2.1600459400308
"cg07643930",-0.0558310017314053,-0.0279155008657027,-3.58282909827054,0.00151439355578108,0.999995069337841,-2.21689703499873
"cg01819512",-0.053047815099954,-0.026523907549977,-3.58088206036029,0.00152171747720235,0.999995069337841,-2.22159912725494
"cg24336808",0.0524219823481467,0.0262109911740733,3.57754909490373,0.00153433520221705,0.999995069337841,-2.22964646918208
"cg02598071",0.0451408684785028,0.0225704342392514,3.55948019532765,0.00160454169133365,0.999995069337841,-2.27323422289926
"cg11804414",0.064706304520707,0.0323531522603535,3.55629740474721,0.00161722974597828,0.999995069337841,-2.280905206125
"cg19449738",-0.0557269008566232,-0.0278634504283116,-3.52250261140946,0.00175814887415926,0.999995069337841,-2.36222579940025
"cg26772116",0.130875867726092,0.0654379338630459,3.52220120581429,0.00175945815305606,0.999995069337841,-2.36294999275636
"cg09550083",-0.0518678241610187,-0.0259339120805094,-3.50900535809534,0.00181772278843292,0.999995069337841,-2.39463689328111
"cg14641625",-0.0488368736744077,-0.0244184368372038,-3.50722511733788,0.00182572606705971,0.999995069337841,-2.39890888288902
"cg26912105",0.0784268458993151,0.0392134229496576,3.49282468480936,0.00189174198008657,0.999995069337841,-2.43343988686977
"cg26288449",0.0514446501725364,0.0257223250862681,3.49103069910901,0.00190012760972758,0.999995069337841,-2.43773854034273
"cg18119885",-0.0366871086686264,-0.0183435543343132,-3.48893018383708,0.00190999215862412,0.999995069337841,-2.44277078549304
"cg01876978",-0.0370967852876786,-0.0185483926438393,-3.48490848629923,0.00192901868908883,0.999995069337841,-2.45240293354782
"cg13580286",-0.0368963979737202,-0.0184481989868601,-3.42373975432136,0.00224223439494825,0.999995069337841,-2.59845589618844
"cg03997105",-0.0447336444490375,-0.0223668222245187,-3.41986317253858,0.00226367323570387,0.999995069337841,-2.60768299905427
"cg17586885",0.0354075489366389,0.0177037744683195,3.41207590947513,0.00230734422882832,0.999995069337841,-2.62620766175636
"cg14195318",-0.0478589435109221,-0.023929471755461,-3.39911052887148,0.00238187954374637,0.999995069337841,-2.65701827521491
"cg00957665",-0.0465843332424992,-0.0232921666212496,-3.3967034096708,0.00239597308453466,0.999995069337841,-2.6627340653746
"cg23364656",0.0734029927637235,0.0367014963818618,3.39209443807079,0.0024231850409376,0.999995069337841,-2.67367433728376
"cg00528572",0.0648733853114517,0.0324366926557259,3.38978461282007,0.00243693537819465,0.999995069337841,-2.6791552167719
"cg21868191",-0.102343486549961,-0.0511717432749806,-3.38711601519684,0.00245291596562192,0.999995069337841,-2.68548580108222
"cg21282997",0.0479782842332576,0.0239891421166289,3.38360176165967,0.00247411619694822,0.999995069337841,-2.69381985382583
"cg00338002",-0.0475202328581686,-0.0237601164290843,-3.37911829916054,0.00250142207652668,0.999995069337841,-2.70444801446357
"cg20408402",0.0524458910840623,0.0262229455420311,3.375272631741,0.00252507678982691,0.999995069337841,-2.71356034645751
"cg19404444",-0.0591334513649247,-0.0295667256824624,-3.35048780443068,0.00268282705878679,0.999995069337841,-2.77220041169695
"cg22863744",-0.0406792666297788,-0.0203396333148894,-3.34967195759558,0.00268817922678692,0.999995069337841,-2.77412807178353
"cg20353489",-0.048530099604846,-0.024265049802423,-3.34773927120597,0.00270089956169483,0.999995069337841,-2.7786939006842
"cg09906995",0.0439212051173215,0.0219606025586608,3.34294419254196,0.00273271217295309,0.999995069337841,-2.79001785102598
"cg10858677",0.0855467491535488,0.0427733745767744,3.34154108501851,0.00274208958984906,0.999995069337841,-2.79333029865317
"cg22862003",-0.0526076405850241,-0.0263038202925121,-3.33473446665787,0.00278802552535524,0.999995069337841,-2.80939222735553
"cg06416060",-0.0392635655850885,-0.0196317827925442,-3.32576844878644,0.00284967581356171,0.999995069337841,-2.8305317545639
"cg12835118",-0.0610811940202875,-0.0305405970101438,-3.31997622491615,0.00289020420724164,0.999995069337841,-2.84417732331763
"cg16795804",-0.0570940872300545,-0.0285470436150272,-3.30828078113937,0.00297374877503907,0.999995069337841,-2.87170346351742
"cg12473849",0.0384345970031644,0.0192172985015821,3.30222190554026,0.00301794542927402,0.999995069337841,-2.88594947005963
"cg05865280",0.0947565924822269,0.0473782962411134,3.299456321139,0.00303833010622043,0.999995069337841,-2.89244888193428
"cg26829071",0.0947086467124742,0.0473543233562371,3.29504032346064,0.00307115668623549,0.999995069337841,-2.90282275856564
"cg05701403",-0.0372817479197476,-0.0186408739598738,-3.29035558914858,0.00310635660693246,0.999995069337841,-2.91382230246048
"cg19282259",-0.0655857167599852,-0.0327928583799926,-3.28924385231803,0.00311476713645517,0.999995069337841,-2.91643175544467
"cg16387467",-0.054682901339087,-0.0273414506695435,-3.28732579566947,0.00312932954646732,0.999995069337841,-2.92093301835249
"cg22482235",0.0383020643881912,0.0191510321940957,3.28711913724304,0.00313090248438776,0.999995069337841,-2.92141794242338
"cg13487127",0.040700146919916,0.020350073459958,3.28032455425468,0.00318304674559697,0.999995069337841,-2.93735508675489
"cg02501714",-0.0379116436284153,-0.0189558218142076,-3.27914576846477,0.00319217842434837,0.999995069337841,-2.94011874978437
"cg00719651",0.0399966432957446,0.0199983216478723,3.27353499602841,0.00323599221881306,0.999995069337841,-2.9532680887826
"cg04737881",0.134239947036014,0.0671199735180073,3.27000671582831,0.00326384172969117,0.999995069337841,-2.96153258044639
"cg06476591",0.044425098101946,0.022212549050973,3.26666585119704,0.00329042572796422,0.999995069337841,-2.96935497523365
"cg17980508",-0.0602309925297455,-0.0301154962648727,-3.26025588321753,0.00334201934750902,0.999995069337841,-2.98435497163474
"cg12710480",-0.0383627167551588,-0.0191813583775794,-3.25349002794699,0.00339732664361945,0.999995069337841,-3.00017562255057
"cg22972858",0.0430362538100095,0.0215181269050047,3.25217409454742,0.00340818610483353,0.999995069337841,-3.00325122287997
"cg24324837",0.113150183799754,0.0565750918998769,3.250438260219,0.00342256208814081,0.999995069337841,-3.00730748820336
"cg21901307",-0.0374175854778557,-0.0187087927389279,-3.24939177424692,0.003431257292481,0.999995069337841,-3.0097524966686
"cg12706425",-0.036906258252938,-0.018453129126469,-3.24857784046932,0.00343803500203837,0.999995069337841,-3.01165396200324
"cg18947553",-0.0656804336655478,-0.0328402168327738,-3.24522233005832,0.0034661136802382,0.999995069337841,-3.01949098347513
"cg20707126",-0.0461183593724309,-0.0230591796862154,-3.24237390038951,0.00349012309087555,0.999995069337841,-3.02614124182644
"cg26542660",-0.0418801698285629,-0.0209400849142814,-3.24078956959473,0.00350354694410072,0.999995069337841,-3.02983922279364
"cg02341264",0.0601334678072419,0.030066733903621,3.23184638853509,0.00358026291252884,0.999995069337841,-3.05070038081579
"cg10622551",0.085037938113497,0.0425189690567485,3.22026930377774,0.00368198763003243,0.999995069337841,-3.07767222768664
"cg12082609",-0.0464059653770649,-0.0232029826885324,-3.21956719611822,0.00368824587549581,0.999995069337841,-3.07930675733786
"cg11420667",0.0480885122857828,0.0240442561428914,3.21854280818471,0.003697395211032,0.999995069337841,-3.081691316079
"cg09588020",-0.0396450307722937,-0.0198225153861469,-3.21249142728953,0.003751892234275,0.999995069337841,-3.09577158762986
"cg26470501",-0.0469483356229716,-0.0234741678114858,-3.20185947189031,0.00384952522877835,0.999995069337841,-3.12048462534874
"cg13286582",0.0508978866166341,0.0254489433083171,3.20077352132152,0.003859634470259,0.999995069337841,-3.123007000268
"cg02968918",0.0508110503381581,0.0254055251690791,3.19695370318499,0.00389539764725683,0.999995069337841,-3.13187673045872
"cg11838827",0.035320340173915,0.0176601700869575,3.19651269107788,0.00389954717901604,0.999995069337841,-3.13290050306129
"cg08183074",-0.0427770551540497,-0.0213885275770248,-3.19207850605424,0.00394150674221184,0.999995069337841,-3.14319097193861
"cg09861917",-0.0452329918290761,-0.022616495914538,-3.19024534494073,0.00395898050039597,0.999995069337841,-3.14744355082134
"cg01914278",0.0478517161742635,0.0239258580871317,3.18595102078143,0.00400020733710293,0.999995069337841,-3.15740173554602
"cg00767496",0.0357898472555998,0.0178949236277998,3.16838261026061,0.00417322430249681,0.999995069337841,-3.19808535914233
"cg13588354",0.0354395148247638,0.0177197574123819,3.15970520013273,0.00426132164830195,0.999995069337841,-3.21814632491943
"cg16264035",-0.0455625580065321,-0.0227812790032661,-3.15421706771179,0.00431796236845677,0.999995069337841,-3.2308225733583
"cg14399060",-0.0366851694947433,-0.0183425847473716,-3.13770630353055,0.00449277068776782,0.999995069337841,-3.26890398489178
"cg22233512",-0.0450962330659484,-0.0225481165329742,-3.12878137699388,0.00459008119467246,0.999995069337841,-3.28945465557927
"cg12701674",0.0620930676309764,0.0310465338154882,3.12570998116602,0.00462403617380942,0.999995069337841,-3.29652128485687
"cg13747899",-0.0422732586029123,-0.0211366293014562,-3.12288105824106,0.00465552433513378,0.999995069337841,-3.30302748224701
"cg18187244",0.0371191149603147,0.0185595574801573,3.11704763838452,0.00472110763821794,0.999995069337841,-3.31643592250053
"cg23609082",-0.0457064907542468,-0.0228532453771233,-3.09623455581896,0.00496242115244744,0.999995069337841,-3.36419015201565
"cg23003085",-0.049535416474472,-0.024767708237236,-3.08987956040194,0.00503843633450187,0.999995069337841,-3.37874431320861
"cg11336860",0.0748004905431318,0.0374002452715659,3.08776879319797,0.0050639308757067,0.999995069337841,-3.38357556418503
"cg15142477",-0.0501461270228068,-0.0250730635114034,-3.08658622315198,0.00507826847357995,0.999995069337841,-3.38628168724925
"cg15656813",-0.0546155862794951,-0.0273077931397476,-3.08566198969517,0.00508950111701775,0.999995069337841,-3.38839634066904
"cg03126765",0.0661227986878915,0.0330613993439458,3.07813653558794,0.00518185409795745,0.999995069337841,-3.40560456973799
"cg09163005",-0.0639686967136665,-0.0319843483568332,-3.074779377937,0.00522357062799986,0.999995069337841,-3.41327547724829
"cg13446906",-0.0469610503002884,-0.0234805251501441,-3.07276049893845,0.00524881259489696,0.999995069337841,-3.41788676672833
"cg11715858",-0.0674241031616409,-0.0337120515808204,-3.06569427775896,0.00533808680727011,0.999995069337841,-3.43401634269238
"cg15249926",0.0386885980170332,0.0193442990085166,3.06064680105606,0.00540274679614397,0.999995069337841,-3.44552805345373
"cg16878332",0.0561654620018723,0.0280827310009362,3.05213766197046,0.00551345690140344,0.999995069337841,-3.46491610800442
"cg19731055",0.0399435257369691,0.0199717628684846,3.05171035849933,0.00551907343733695,0.999995069337841,-3.46588909927635
"cg23919844",0.0516476377986644,0.0258238188993322,3.04644066422358,0.00558879177539052,0.999995069337841,-3.47788357253323
"cg20388732",-0.0432485489714429,-0.0216242744857214,-3.04534154445404,0.00560343926924523,0.999995069337841,-3.48038416391296
"cg00020405",-0.0459943749104519,-0.022997187455226,-3.03114238350172,0.00579600586776996,0.999995069337841,-3.51265288057775
"cg19455189",0.052232980562845,0.0261164902814224,3.03063009709785,0.00580307061885165,0.999995069337841,-3.51381585209788
"cg25575065",-0.0416503757248647,-0.0208251878624324,-3.02509759732217,0.00587989490985443,0.999995069337841,-3.52636997427659
"cg27071793",0.0814718855411101,0.040735942770555,3.02460963554508,0.00588671731329262,0.999995069337841,-3.52747675046046
"cg04068111",-0.0741513414261721,-0.037075670713086,-3.02394893754914,0.00589596690282144,0.999995069337841,-3.52897519435342
"cg11629889",0.0583532924799722,0.0291766462399861,3.019076954787,0.0059646044510323,0.999995069337841,-3.54002022920042
"cg02964065",0.0661745400342548,0.0330872700171275,3.01891707044749,0.00596686985616703,0.999995069337841,-3.5403825612654
"cg20678082",0.0441651026556191,0.0220825513278096,3.01462668310548,0.00602796911851816,0.999995069337841,-3.55010230902574
"cg23004099",-0.0390850435242783,-0.0195425217621392,-3.0111877089704,0.00607737554655421,0.999995069337841,-3.55788875980242
"cg03816625",-0.0439451938252141,-0.0219725969126071,-3.00941199508748,0.00610303809684761,0.999995069337841,-3.56190774038073
"cg04233537",0.0418939636945264,0.0209469818472631,2.99987773255853,0.0062426102275197,0.999995069337841,-3.58346852923213
"cg22590775",0.107169808246418,0.0535849041232091,2.99787724414267,0.00627228061299227,0.999995069337841,-3.58798853858424
"cg03206537",-0.0583884133805458,-0.0291942066902729,-2.99406186388837,0.00632924316936967,0.999995069337841,-3.5966054484048
"cg22307029",0.0752935191606066,0.0376467595803033,2.99093956636093,0.00637622606670519,0.999995069337841,-3.60365337276566
"cg24630195",-0.0532992348066993,-0.0266496174033496,-2.99062952578518,0.0063809095796444,0.999995069337841,-3.60435304241887
"cg02895669",-0.0416847471021602,-0.0208423735510801,-2.98845050981882,0.00641391902333259,0.999995069337841,-3.60926951062812
"cg03447554",-0.153667190438094,-0.0768335952190469,-2.98519640429357,0.00646351898197495,0.999995069337841,-3.61660866200601
"cg27327647",-0.0520851128750443,-0.0260425564375221,-2.97729519918866,0.0065854822140092,0.999995069337841,-3.6344135536011
"cg25139649",-0.0513915023753544,-0.0256957511876772,-2.9739767058523,0.00663735988303868,0.999995069337841,-3.64188517592099
"cg13990947",-0.0689490236680698,-0.0344745118340349,-2.97391896513373,0.00663826598565969,0.999995069337841,-3.64201514612626
"cg19347790",-0.0414387347044827,-0.0207193673522414,-2.96062780921417,0.00685001379054924,0.999995069337841,-3.67190184983703
"cg03989507",0.0372507464537535,0.0186253732268767,2.95917984636671,0.00687346786182312,0.999995069337841,-3.67515405130402
"cg05575058",-0.0353503965280546,-0.0176751982640273,-2.95665375730277,0.00691456911213928,0.999995069337841,-3.68082602836301
"cg18289156",0.0510388040643254,0.0255194020321627,2.95167644843882,0.00699624118728871,0.999995069337841,-3.69199533708671
"cg11465639",-0.0497767899277395,-0.0248883949638698,-2.94651107965865,0.00708197248224525,0.999995069337841,-3.70357746110108
"cg07599881",0.0421345601597287,0.0210672800798644,2.94609540292104,0.00708891502354515,0.999995069337841,-3.70450910990609
"cg08854834",0.0401753793092444,0.0200876896546221,2.9423478571122,0.0071517996224377,0.999995069337841,-3.71290566351041
"cg00281467",-0.03545319825539,-0.017726599127695,-2.94096944707745,0.00717506325083893,0.999995069337841,-3.71599280764521
"cg01088404",-0.0476086001698681,-0.0238043000849341,-2.93877007840627,0.00721233188990859,0.999995069337841,-3.7209172114488
"cg18780288",-0.0701000102510509,-0.0350500051255255,-2.93674319201368,0.00724684125221752,0.999995069337841,-3.72545390721082
"cg14083015",-0.0386137807435505,-0.0193068903717753,-2.92900792143751,0.00737999343457807,0.999995069337841,-3.74275401302119
"cg06159562",0.0673064802478965,0.0336532401239483,2.9277320092058,0.00740217946848904,0.999995069337841,-3.74560556884824
"cg20341058",0.0386936256793675,0.0193468128396838,2.92400767358485,0.00746730389275514,0.999995069337841,-3.75392581193027
"cg02058628",-0.0594344575255972,-0.0297172287627987,-2.92124157678536,0.00751602547583829,0.999995069337841,-3.76010211135799
"cg25265126",0.0403666033330744,0.0201833016665372,2.92090612457053,0.00752195463698287,0.999995069337841,-3.7608509414623
"cg00404923",0.0557512784942185,0.0278756392471091,2.91672736398432,0.00759618942523813,0.999995069337841,-3.77017579685213
"cg23059461",0.0621996195062699,0.0310998097531349,2.91493607101808,0.00762822468840612,0.999995069337841,-3.77417111935938
"cg15756319",-0.0657125305451534,-0.0328562652725767,-2.91443324112168,0.00763724035085957,0.999995069337841,-3.77529242934918
"cg25107000",0.0605750408838779,0.0302875204419389,2.91127805065155,0.00769404457149613,0.999995069337841,-3.78232641412085
"cg23222039",-0.0366677810003972,-0.0183338905001986,-2.90651432110332,0.00778057117647767,0.999995069337841,-3.79293954419722
"cg27258561",0.0934384906273818,0.0467192453136909,2.89532756836673,0.00798742105312154,0.999995069337841,-3.81783008425868
"cg14677130",-0.0416722572595133,-0.0208361286297566,-2.89244184742507,0.00804162315697241,0.999995069337841,-3.82424339382681
"cg21928095",-0.0506589710104781,-0.025329485505239,-2.88841631681219,0.00811781917838272,0.999995069337841,-3.83318474072756
"cg10802680",0.0385248562892451,0.0192624281446226,2.88686180691176,0.00814742670815035,0.999995069337841,-3.83663595958025
"cg01649611",-0.0615409499880337,-0.0307704749940169,-2.88666114498346,0.00815125603721059,0.999995069337841,-3.83708139086715
"cg06981309",-0.0531456419808131,-0.0265728209904065,-2.88392417382481,0.00820365824812553,0.999995069337841,-3.8431554627035
"cg16308533",0.0643731576754643,0.0321865788377321,2.882869745186,0.00822393178904454,0.999995069337841,-3.84549478398821
"cg08477332",-0.255136826602692,-0.127568413301346,-2.88159095675982,0.00824858305522052,0.999995069337841,-3.84833131101311
"cg08678044",-0.0395228679779907,-0.0197614339889953,-2.8798371636187,0.00828250532467633,0.999995069337841,-3.85222047895348
"cg07156249",-0.0863691502541553,-0.0431845751270776,-2.87146390740153,0.00844629968094197,0.999995069337841,-3.87077306615824
"cg15534561",-0.040055680677281,-0.0200278403386405,-2.86926246383887,0.00848987203250671,0.999995069337841,-3.87564646161559
"cg23068717",-0.0400877835967636,-0.0200438917983818,-2.8679054783173,0.0085168366955155,0.999995069337841,-3.87864955587431
"cg05379350",-0.0388220278577983,-0.0194110139288992,-2.86369446981354,0.00860103283424789,0.999995069337841,-3.88796439678784
"cg20826576",0.0408419271891904,0.0204209635945952,2.85877348362944,0.00870042669449285,0.999995069337841,-3.89884129652706
"cg14700707",-0.0486691898929155,-0.0243345949464577,-2.85839461132974,0.00870812421379192,0.999995069337841,-3.89967834394383
"cg13641317",0.0393393448554744,0.0196696724277373,2.85820267852174,0.00871202616631583,0.999995069337841,-3.9001023629316
"cg05191655",-0.0552662578060911,-0.0276331289030456,-2.85242856795624,0.00883019213261873,0.999995069337841,-3.91285206541182
"cg09029902",-0.0440800936504476,-0.0220400468252239,-2.85186458895179,0.00884181509530491,0.999995069337841,-3.91409670173769
"cg09508496",0.0844039454241007,0.0422019727120504,2.84924030242168,0.00889608998693258,0.999995069337841,-3.91988661499787
"cg15744692",0.0390724170144332,0.0195362085072166,2.84877952653061,0.00890565223821456,0.999995069337841,-3.92090294684672
"cg10218605",0.04227730094164,0.02113865047082,2.84402415459519,0.00900490981023319,0.999995069337841,-3.93138714857803
"cg09473207",0.0426454121000255,0.0213227060500128,2.84167700872422,0.00905428736172312,0.999995069337841,-3.93655874869617
"cg18041642",-0.0503135928720986,-0.0251567964360493,-2.83326050060084,0.00923346882124323,0.999995069337841,-3.95508603567294
"cg10404009",-0.0415694237147033,-0.0207847118573517,-2.82781098539195,0.00935127387206826,0.999995069337841,-3.96706759804049
"cg11613902",0.050249470903193,0.0251247354515965,2.825601274887,0.00939944738079982,0.999995069337841,-3.97192271798353
"cg23997263",-0.045493781408803,-0.0227468907044015,-2.82273760258719,0.0094622279636004,0.999995069337841,-3.97821190561982
"cg07167872",0.0948109501361812,0.0474054750680906,2.82013299277608,0.00951967415995095,0.999995069337841,-3.98392939051811
"cg06862136",-0.0474691698723912,-0.0237345849361956,-2.81389060688363,0.00965870227088898,0.999995069337841,-3.99762161041749
"cg26680760",0.0397978663778584,0.0198989331889292,2.8134070565054,0.00966955164960882,0.999995069337841,-3.99868161178683
"cg08701566",-0.0401876301187841,-0.020093815059392,-2.81288178529999,0.00968135020074647,0.999995069337841,-3.99983296726655
"cg26074100",-0.0542477199054947,-0.0271238599527474,-2.80593679310467,0.0098386354832636,0.999995069337841,-4.01504576828272
"cg27594683",-0.0623057991393685,-0.0311528995696843,-2.80023626721876,0.00996954262795836,0.999995069337841,-4.02751851638592
