"X","logFC","AveExpr","t","P.Value","adj.P.Val","B"
"cg20302533",0.130195149953016,0.0846268474694604,8.11091794003604,2.61776780110149e-14,5.69888050299795e-09,20.721100235639
"cg10621924",0.0819137611472595,0.0532439447457186,7.91332242766999,9.29377162548156e-14,1.01162704143367e-08,19.4683177673908
"cg22721998",0.0476270128939885,0.0309575583810925,7.6139933297905,6.12656241278379e-13,3.5661224165058e-08,17.6053680049088
"cg21665744",0.0732451490500774,0.0476093468825503,7.60320512710383,6.55236089390133e-13,3.5661224165058e-08,17.5390342690204
"cg00901401",0.0453645884715212,0.0294869825064888,7.52036348450992,1.09565392181959e-12,4.77047717560248e-08,17.0315864345203
"cg15212455",0.0975756455720528,0.0634241696218343,7.32091672108571,3.72645544779785e-12,1.35208225164265e-07,15.824084222275
"cg22034735",0.0915972900969374,0.0595382385630093,7.27475979474578,4.93297861193106e-12,1.53415634831056e-07,15.547557381672
"cg02497785",0.0633023615655803,0.0411465350176273,7.24550524396599,5.88944679436864e-12,1.60266570891757e-07,15.3728704015167
"cg08835956",0.0446202641153163,0.0290031716749556,7.20472503556326,7.5343988395576e-12,1.82248736374632e-07,15.1301132922988
"cg10132767",0.0538935060166586,0.0350307789108281,7.05949302931165,1.79892816756114e-11,3.91626662078059e-07,14.272784455829
"cg07045469",0.0556541019511846,0.03617516626827,7.02939555012378,2.15153256092122e-11,4.25807853193226e-07,14.0965402883677
"cg19403023",0.0639702439199163,0.0415806585479455,6.97792553312842,2.91879014341191e-11,5.2951717851731e-07,13.796292886584
"cg25163076",0.0479010552481485,0.0311356859112965,6.83282010810711,6.84427218324768e-11,1.14615234945617e-06,12.9577406735195
"cg18478731",0.0562999731353489,0.0365949825379768,6.80334881403422,8.1264082525484e-11,1.26365648327128e-06,12.7888738603439
"cg03850936",0.0602432036043105,0.0391580823428018,6.72566420683171,1.27490299138976e-10,1.82396565052728e-06,12.3461223026892
"cg02315096",0.0659662390126514,0.0428780553582234,6.71696912766858,1.34053515886249e-10,1.82396565052728e-06,12.2967813651734
"cg07752120",0.0598497391822655,0.0389023304684726,6.69860931931759,1.49022528243121e-10,1.90836496461926e-06,12.1927403634074
"cg11083715",0.0623724067168416,0.040542064365947,6.61260888729228,2.44071451589577e-10,2.95190861172505e-06,11.7079987496611
"cg25647784",0.0437369090432516,0.0284289908781135,6.57549146221394,3.01603949533805e-10,3.45574630597418e-06,11.5001223380745
"cg22085751",0.0447313204224053,0.0290753582745635,6.52160024018124,4.09538448216782e-10,4.45782600883967e-06,11.1997517271829
"cg16118803",0.0594698574193291,0.0386554073225638,6.48954477065605,4.90885734006412e-10,5.08884877586647e-06,11.0219043712778
"cg22144900",0.0589162905697754,0.0382955888703539,6.44255065082462,6.39548562282305e-10,6.32862372767536e-06,10.7622871232378
"cg15355015",0.0560731042895382,0.0364475177881999,6.42139462716231,7.2013902328448e-10,6.8156399471869e-06,10.6458451003153
"cg16987982",0.0457148317677275,0.0297146406490228,6.4138133312097,7.51379691008202e-10,6.8156399471869e-06,10.6041836953799
"cg11629889",0.0572451304737187,0.0372093348079172,6.33974684703369,1.13573973940064e-09,9.50963620259686e-06,10.1990028674281
"cg04534697",0.0414959998695058,0.0269723999151788,6.32734544286341,1.21670183098698e-09,9.58715773906374e-06,10.1314880864362
"cg16308533",0.0598123902174043,0.0388780536413128,6.32493616106718,1.2330749503619e-09,9.58715773906374e-06,10.118382593237
"cg14156792",0.0753059779604682,0.0489488856743045,6.29699296293941,1.43950146011367e-09,1.08049515914393e-05,9.96664368489015
"cg26624732",0.0465493902030703,0.0302571036319957,6.29015842544093,1.49493906736884e-09,1.08049515914393e-05,9.92960349221183
"cg09460553",0.0561108644408084,0.0364720618865254,6.24730219274338,1.89346985737171e-09,1.28815121234319e-05,9.69799943890232
"cg18181703",-0.0473150138657207,-0.0307547590127185,-6.23225757806798,2.05672425645578e-09,1.35681475948613e-05,9.61696519934334
"cg18710908",0.0482385058389682,0.0313550287953294,6.15071286358001,3.21244563517972e-09,1.99814118508179e-05,9.18020266513306
"cg16474696",0.15304304789419,0.0994779811312235,6.14033708115807,3.39901318392056e-09,2.05545880594307e-05,9.12492815192622
"cg17797229",0.0715867941903788,0.0465314162237462,6.12978320396419,3.59966270051143e-09,2.11796370243605e-05,9.06877456231625
"cg23656083",0.0709880313644635,0.0461422203869013,6.09793091675577,4.27820247191582e-09,2.45095967930546e-05,8.89972660087605
"cg20653128",0.0463279023620634,0.0301131365353412,6.07256180765602,4.90686764743139e-09,2.73903868422003e-05,8.76554715782552
"cg14926445",0.0612969103505857,0.0398429917278806,6.06124716264789,5.21561747047335e-09,2.82940173831847e-05,8.7058351778172
"cg21918548",0.0692174510276223,0.0449913431679545,6.05726701894153,5.32868494584553e-09,2.82940173831847e-05,8.68484976559475
"cg11530693",0.0481102072811378,0.0312716347327394,5.97609251064809,8.23502371780396e-09,4.26848729372839e-05,8.25907106903036
"cg15729137",0.0534016195483484,0.0347110527064265,5.89025710082861,1.29909918947337e-08,6.42758848973529e-05,7.81347913272365
"cg27073142",-0.0615000774446763,-0.0399750503390396,-5.874481946734,1.41192170766768e-08,6.83056346131677e-05,7.73210935219395
"cg05595088",0.0436078392067507,0.0283450954843879,5.85948599809926,1.52802224322358e-08,7.11914381487639e-05,7.65491012800235
"cg16784985",0.0817402076364559,0.0531311349636964,5.85837614851703,1.53697638630772e-08,7.11914381487639e-05,7.64920248776583
"cg11205981",0.0559682324305696,0.0363793510798702,5.8501861519106,1.60465664558549e-08,7.21932751521456e-05,7.60710871533397
"cg19839825",0.0461170751397541,0.0299760988408401,5.84779862788437,1.6249290227171e-08,7.21932751521456e-05,7.59484597043958
"cg14964336",0.106163086070659,0.0690060059459284,5.78971338401428,2.20292883224039e-08,9.02664090329768e-05,7.29766942738529
"cg27561907",0.0493913693157021,0.0321043900552064,5.78883744777939,2.21302577292501e-08,9.02664090329768e-05,7.29320504839531
"cg21686987",-0.0490249690796763,-0.0318662299017895,-5.78218220387645,2.2912314861738e-08,9.02664090329768e-05,7.25930195150376
"cg16443667",0.0407833267971567,0.0265091624181518,5.77962731617961,2.32196550567143e-08,9.02664090329768e-05,7.24629467860299
"cg02594345",-0.0401200838415132,-0.0260780544969836,-5.76866354847508,2.45848843303077e-08,9.38970055913681e-05,7.19052597096335
"cg27353899",0.106443441790723,0.0691882371639702,5.76385470323672,2.52081365352911e-08,9.4617436616084e-05,7.16609036643971
"cg18918831",0.109278257614528,0.0710308674494433,5.74977966901329,2.71223327112647e-08,0.000100076810699022,7.09465826085204
"cg04160749",0.0613990158645379,0.0399093603119497,5.73054348628458,2.99695609082639e-08,0.000108739556828818,6.99724681198432
"cg20620751",0.0523971890018247,0.034058172851186,5.67601005789696,3.97215328705634e-08,0.000135490715354515,6.72243998902385
"cg10279314",0.070907391722074,0.0460898046193482,5.67547107116154,3.98319052948504e-08,0.000135490715354515,6.71973389428008
"cg18803306",0.05904585915427,0.0383798084502755,5.66550190674989,4.19281568337397e-08,0.000140427072964694,6.6697169866735
"cg08477332",-0.130726140011526,-0.084971991007492,-5.64409381784176,4.67999253300725e-08,0.000154368844611467,6.56253615896306
"cg16123090",0.0455966040115392,0.0296377926075005,5.63780948347531,4.83319871542901e-08,0.000157042889604313,6.53113219289749
"cg01344644",0.0403380901269252,0.0262197585825014,5.62738360843222,5.09822657119662e-08,0.000163218224198457,6.47909127485599
"cg26229752",0.0493563587304098,0.0320816331747664,5.61292078617428,5.48946680865248e-08,0.000173196655687485,6.40702211996561
"cg19477346",0.0564032698634569,0.0366621254112471,5.58962868926164,6.18187922403322e-08,0.000192256443867433,6.29125544614485
"cg26539818",0.0419148564782071,0.0272446567108347,5.58658945038306,6.27828354215711e-08,0.000192504553116564,6.27617707184175
"cg25755428",0.160442043047453,0.104287327980844,5.57814762089768,6.55381123762326e-08,0.000198161764782025,6.23432828527346
"cg25352328",0.0460454158534548,0.0299295203047457,5.54517877792199,7.74726423102933e-08,0.000231038277136313,6.07135865880112
"cg08235183",0.0356332466537285,0.0231616103249235,5.53827325355757,8.02282320194094e-08,0.000236022785278722,6.03731812067213
"cg23108931",-0.0627331225505022,-0.0407765296578264,-5.52775176074479,8.4611262455049e-08,0.000245598291152855,5.98551582475349
"cg10987071",0.0424461415602457,0.0275899920141597,5.52058178358669,8.77308830093836e-08,0.000251302805672932,5.95025828199913
"cg24997886",0.0563102604943604,0.0366016693213342,5.5043957643294,9.51909895219294e-08,0.000268371270810739,5.87079567990875
"cg06424894",-0.0475706387114419,-0.0309209151624372,-5.50218096145254,9.62586778859596e-08,0.000268371270810739,5.85993653168597
"cg19317226",0.065603962536583,0.042642575648779,5.49986454553454,9.73878290953071e-08,0.000268371270810739,5.84858280127903
"cg09926178",0.0480067580570101,0.0312043927370565,5.49354815911087,1.00532743732353e-07,0.000273574728881665,5.81764237212464
"cg01727431",0.0657201870157562,0.0427181215602415,5.45332803749879,1.23007163702576e-07,0.000318793565929177,5.62127476377232
"cg05324393",0.0415867109306403,0.0270313621049162,5.44986255784753,1.25157973165502e-07,0.000320551655977997,5.60440771840364
"cg05403241",0.0351251174671446,0.022831326353644,5.44380764867971,1.29004069535219e-07,0.000326560301602525,5.57495755564015
"cg26077005",0.053481908814921,0.0347632407296986,5.43828145770832,1.32614580105714e-07,0.000331238007534989,5.54810127483851
"cg11307823",0.0567730805303975,0.0369025023447583,5.43635676689862,1.33895014529531e-07,0.000331238007534989,5.53875262294747
"cg00224807",0.0514452236591263,0.0334393953784322,5.39457955695248,1.64847674337185e-07,0.000399444083626253,5.33646867247941
"cg04585822",0.0516075352346667,0.0335448979025333,5.39422829894375,1.65135358412323e-07,0.000399444083626253,5.33477306729393
"cg07341007",0.0774134284089764,0.0503187284658346,5.37002378068511,1.86180646504472e-07,0.000435822868215306,5.21814062119638
"cg20923605",0.0943209679349591,0.0613086291577234,5.35905498558661,1.96555986142411e-07,0.000453610985913479,5.16542166425785
"cg22778903",0.0557196303120838,0.0362177597028545,5.35762750040244,1.97946916223153e-07,0.000453610985913479,5.15856701564276
"cg12887581",0.0455644326303316,0.0296168812097155,5.34917466048443,2.06381590131523e-07,0.000468013251787839,5.11800669144962
"cg25985355",0.0575532091816428,0.0374095859680678,5.3469589468312,2.08649730406321e-07,0.000468278827932537,5.10738308333429
"cg07015424",-0.0361249921055822,-0.0234812448686285,-5.32957128859569,2.27310204842478e-07,0.000504953383614361,5.02413531052595
"cg06513375",0.0700409793278061,0.045526636563074,5.32106131307393,2.37024908430921e-07,0.000512663476210852,4.98346951483099
"cg06188367",0.0459586811407211,0.0298731427414687,5.31806643398931,2.40538847146821e-07,0.000512663476210852,4.96917036194835
"cg16530595",0.0540371857687817,0.035124170749708,5.31696436097818,2.4184463096371e-07,0.000512663476210852,4.96391007427909
"cg12169661",0.0512843108964501,0.0333348020826926,5.31636679944295,2.42555526181524e-07,0.000512663476210852,4.96105822200651
"cg09140531",-0.0658737233412311,-0.0428179201718002,-5.31051385544569,2.49626797584853e-07,0.000522536094559832,4.93313851298558
"cg10053622",0.0455106393203085,0.0295819155582005,5.28761220471026,2.79271903193249e-07,0.000579023745954003,4.82412652017797
"cg07516511",0.0558510764049712,0.0363031996632313,5.26912815096983,3.05668177009662e-07,0.000627773227688711,4.73641404788365
"cg20704450",0.0508461293407002,0.0330499840714551,5.25858744262926,3.21790011150004e-07,0.000654707340442579,4.68650409096877
"cg07593523",0.0362812967241426,0.0235828428706927,5.24854356003365,3.37918778813318e-07,0.000673415553749095,4.63902031865933
"cg15405432",0.0429337675377052,0.0279069488995084,5.2471213829029,3.40265093763898e-07,0.000673415553749095,4.6323026103727
"cg06531475",0.0482052376116152,0.0313334044475498,5.2345225448016,3.61753554297004e-07,0.000709493232166287,4.57285463365491
"cg05313129",0.0543905264453061,0.035353842189449,5.22430288855383,3.80146932354297e-07,0.000738910599763665,4.52471630503398
"cg05366561",0.0425979568467191,0.0276886719503674,5.2105771609274,4.06285113356135e-07,0.000782728045819741,4.46018083667831
"cg23756474",0.0440797331467272,0.0286518265453727,5.20739391992467,4.12591806634871e-07,0.000783669030638298,4.44523321541261
"cg27098685",0.0587479858577089,0.0381861908075108,5.19774722329915,4.32289944123025e-07,0.000811288972720539,4.39997942975277
"cg02605996",0.0389949536918171,0.0253467198996812,5.18542420344191,4.58784602272927e-07,0.00084641871114251,4.34226801074176
"cg03292213",0.0441099638030827,0.0286714764720038,5.17454233669192,4.83485944404476e-07,0.000864862283108706,4.29139671936862
"cg00050402",0.0481667025687152,0.0313083566696648,5.1740333057012,4.84672478361333e-07,0.000864862283108706,4.28901915579696
"cg02871313",0.0439417287291123,0.028562123673923,5.16079902660568,5.16532171183755e-07,0.000906847206989544,4.22727056386451
"cg16805094",0.0359126953582305,0.0233432519828498,5.14235303588539,5.64348886177403e-07,0.000975069464450957,4.14141618769438
"cg22025206",0.0637992671928372,0.0414695236753441,5.12765022877812,6.05511890963441e-07,0.00102185998963365,4.07316032356576
"cg21554895",0.0388415968001949,0.0252470379201266,5.11429483169982,6.45415951971379e-07,0.00108082348264746,4.01129550237576
"cg01403055",0.0362196605154818,0.0235427793350632,5.05828359605182,8.42363765094607e-07,0.00135838956785997,3.75325413095953
"cg21516384",-0.0458372705303468,-0.0297942258447254,-5.04601538830601,8.92702685930738e-07,0.00139813938652606,3.69704084006476
"cg03185704",0.0545059923904666,0.0354288950538032,5.03759589520461,9.28923352158851e-07,0.00142962638834933,3.65852626552678
"cg12656666",0.045383025700293,0.0294989667051905,5.03678006076636,9.32507795799749e-07,0.00142962638834933,3.65479703121505
"cg06911613",0.0557755790371234,0.0362541263741302,5.03138413056818,9.56554952579132e-07,0.00145623785438096,3.63014416392503
"cg18890544",0.0362126231629653,0.0235382050559274,5.01702802537592,1.02349539733247e-06,0.00154732602777276,3.5646582411029
"cg18221429",0.0450561525658646,0.029286499167812,5.01435649813065,1.03644338822674e-06,0.00155390856153139,3.55248868190293
"cg09309269",0.0444616813428395,0.0289000928728456,5.00765441537855,1.06962820485062e-06,0.00158406843670735,3.52198191254907
"cg06638568",0.0356210105892396,0.0231536568830058,5.00280169552786,1.09429589308111e-06,0.00160965010759296,3.49991377132156
"cg09791621",0.0484827059604038,0.0315137588742625,4.99003556741171,1.1618493243602e-06,0.00166404340732379,3.44194161303819
"cg22905511",0.0593205721721972,0.0385583719119282,4.98370856766024,1.19680872380219e-06,0.00169650673441119,3.41325467051135
"cg04896115",0.0537510595923241,0.0349381887350107,4.98312193538714,1.20010122691467e-06,0.00169650673441119,3.41059634627183
"cg21113900",0.0406403044709123,0.026416197906093,4.98111671628828,1.2114219661023e-06,0.00170146169045465,3.4015116142132
"cg27134251",0.0687209130250814,0.0446685934663028,4.97308736863843,1.25779736786547e-06,0.00174409227378543,3.36516406303225
"cg03950599",0.0645075778005493,0.041929925570357,4.96763020842802,1.29029248518532e-06,0.00177782705079015,3.3404875844188
"cg04855401",0.0398555515435676,0.0259061085033189,4.94623024175371,1.42574029297656e-06,0.00193989788613124,3.24393276915105
"cg19666541",0.0412761829003705,0.0268295188852408,4.93284461383145,1.51735130206677e-06,0.00205172284757724,3.18371056092415
"cg01443452",0.0416975791307821,0.0271034264350084,4.89882964305795,1.77650735680263e-06,0.00234391303985413,3.03127584010009
"cg16306633",0.035173304802333,0.0228626481215165,4.88825212264216,1.86547744034256e-06,0.00242916518796158,2.98404946498165
"cg00737841",0.0554499496048631,0.036042467243161,4.88719562289681,1.87459692961665e-06,0.00242916518796158,2.97933700649718
"cg23581793",-0.0425293538086461,-0.02764407997562,-4.87844268792515,1.95182637903606e-06,0.0024994858983303,2.94032709997114
"cg16358155",0.0552469233207735,0.0359105001585028,4.87203400315802,2.01031304144059e-06,0.00254730335770739,2.9118013217495
"cg19473656",0.0368185571437049,0.0239320621434082,4.87179047827146,2.01256856924975e-06,0.00254730335770739,2.9107179709504
"cg03400443",-0.0509527326945602,-0.0331192762514642,-4.8703126710947,2.02630857341122e-06,0.00254986922792845,2.90414471336275
"cg11237792",0.0360040608062975,0.0234026395240933,4.8679038686079,2.0488991194532e-06,0.00256347895577565,2.89343391013271
"cg02962944",0.0454903262380587,0.0295687120547382,4.86619833497923,2.06504117039407e-06,0.00256891121597022,2.88585283674208
"cg11577716",0.0402187715089559,0.0261422014808214,4.86266211906216,2.09890229055202e-06,0.00259619902643849,2.87014134591659
"cg17889682",-0.0656143588101389,-0.0426493332265903,-4.86026558112752,2.12215479849061e-06,0.00259716698038458,2.85949879625921
"cg03198009",-0.102208394331199,-0.0664354563152792,-4.86012311537878,2.12354488979539e-06,0.00259716698038458,2.8588662696298
"cg25443560",0.041890538167658,0.0272288498089777,4.85000121793875,2.22459258844522e-06,0.00269052114724736,2.81396549779874
"cg00588198",-0.0806447934679408,-0.0524191157541616,-4.84149589521987,2.31308023161463e-06,0.00278208600233428,2.77629528102694
"cg00117018",0.042120738327302,0.0273784799127463,4.83781388822198,2.3524331781368e-06,0.00281387199384825,2.76000445649213
"cg08570243",0.0846817028904059,0.0550431068787638,4.82792192736027,2.46138736188992e-06,0.00288088187464213,2.71628850603759
"cg25498045",0.0354224654511471,0.0230246025432456,4.81643595014568,2.5940191714127e-06,0.00301988221185318,2.66562040600024
"cg02304092",0.066236658943104,0.0430538283130176,4.81478986648716,2.61358355974205e-06,0.00302647415402044,2.65836717346249
"cg13045555",-0.0687834801439821,-0.0447092620935883,-4.80988016090004,2.67278757492037e-06,0.00307865531777865,2.63674538248335
"cg14340928",0.0399819980878022,0.0259882987570715,4.80510782278663,2.73157522068376e-06,0.00312981013443608,2.61574595683358
"cg00716277",0.0350784210482407,0.0228009736813565,4.79917484620734,2.80640267381894e-06,0.00319871131984494,2.58966339760555
"cg25024993",0.0352825038878569,0.022933627527107,4.7977890271414,2.82416384597023e-06,0.0032021899441027,2.58357488480029
"cg16885113",-0.0892695353021735,-0.0580251979464128,-4.79534047353511,2.85581105147241e-06,0.0032087314269687,2.57282085531499
"cg20260610",-0.0397770168631639,-0.0258550609610566,-4.79504413876036,2.85966428383723e-06,0.0032087314269687,2.57151966221998
"cg02661079",0.0368323203438382,0.0239410082234949,4.79245706884106,2.89351775956629e-06,0.0032087314269687,2.56016276742799
"cg15570656",-0.106512416885199,-0.0692330709753796,-4.79067804514432,2.91702160355638e-06,0.0032087314269687,2.55235602204086
"cg17506621",0.0400488549360558,0.0260317557084363,4.79007372630983,2.92504751399302e-06,0.0032087314269687,2.54970468275272
"cg00982548",0.0373272914806559,0.0242627394624263,4.78946843298657,2.93310773526308e-06,0.0032087314269687,2.54704934466241
"cg18016304",0.0581539140127761,0.0378000441083044,4.78684521311621,2.96828762840823e-06,0.00323098108352236,2.53554484174789
"cg02710296",0.0615511842053661,0.040008269733488,4.77712611917548,3.10221469905999e-06,0.0033433274256701,2.49296572170771
"cg04300684",0.0477212744767989,0.0310188284099193,4.76459406471503,3.28353381212936e-06,0.00347002578107069,2.43816860159046
"cg13752114",0.111126493521537,0.0722322207889993,4.75688101656985,3.40016910478025e-06,0.00354170724454861,2.40450201457587
"cg23681866",0.0961906966114309,0.0625239527974301,4.74757194794874,3.5462687273734e-06,0.00367629858071042,2.36392907565106
"cg02758247",0.0425464190073749,0.0276551723547937,4.73950460207185,3.67776318301133e-06,0.00375891570395102,2.32882131769947
"cg21809927",0.0640845352704447,0.0416549479257891,4.73557251945852,3.74354745030463e-06,0.00380827233612765,2.31172746990997
"cg22857963",0.0659201629209633,0.0428481058986261,4.73294546317337,3.78812940193643e-06,0.00381794338334056,2.30031348219321
"cg10832093",0.0498780856114087,0.0324207556474157,4.71272359897941,4.14886442469346e-06,0.0041242364623551,2.21262971831939
"cg19888017",0.0468857689894733,0.0304757498431576,4.7070933003989,4.25505872912446e-06,0.00421057402422907,2.18827170609469
"cg20627572",0.0532551067126017,0.0346158193631912,4.70382705532678,4.31786026371558e-06,0.00425338542719856,2.1741522350708
"cg18327128",0.0427275960508197,0.0277729374330327,4.69840446343956,4.42410111291291e-06,0.00433840906432946,2.15072919107216
"cg19155391",-0.0437353653262058,-0.0284279874620338,-4.68879909905129,4.61850823612765e-06,0.00446866330224439,2.10929366295101
"cg03954144",0.0535961618964827,0.0348375052327138,4.68562986067605,4.68443960767159e-06,0.00447698602704381,2.0956377045163
"cg26494441",0.0390042377873411,0.0253527545617717,4.67411223039754,4.93177120719704e-06,0.00462540721192536,2.04607399171831
"cg08641963",0.0406337134165279,0.0264119137207431,4.66156214593175,5.21559442281456e-06,0.00485228592242192,1.99218298397723
"cg27370471",0.0618387857225797,0.0401952107196768,4.65933107178396,5.26767152215214e-06,0.00487988123562775,1.98261522349515
"cg25301532",0.0646891992835493,0.0420479795343071,4.65695061065601,5.32378790425423e-06,0.00491096875744129,1.97241104070037
"cg03695236",0.0383410429774162,0.0249216779353205,4.6536827125365,5.40176330432332e-06,0.00496187287489952,1.95840981544335
"cg18921954",0.0415260329737476,0.0269919214329359,4.64928602717838,5.50841042637482e-06,0.00503857541941933,1.93958526385824
"cg13864794",-0.038820987728315,-0.0252336420234047,-4.64295999599041,5.66542172758779e-06,0.00516051175772328,1.91252620294945
"cg10955566",0.0412094292738957,0.0267861290280321,4.63866457129585,5.77448147904372e-06,0.00523793590828257,1.89417041834793
"cg04071440",-0.0573577271306483,-0.0372825226349214,-4.61495610340217,6.41377341522433e-06,0.00569989789428813,1.79311164309629
"cg26411441",0.0433427516412925,0.0281727885668402,4.61444339595872,6.4283244544501e-06,0.00569989789428813,1.7909309794498
"cg15969227",-0.0672881280067692,-0.0437372832044,-4.61393394538442,6.44281453858966e-06,0.00569989789428813,1.78876436876624
"cg13906701",-0.0441774075918709,-0.0287153149347161,-4.60985649501001,6.55992611705323e-06,0.00570206850061842,1.77143084477591
"cg06905511",0.0493268132071498,0.0320624285846474,4.59869282357343,6.89114746504325e-06,0.00588314824760752,1.72403894685477
"cg17759252",0.0580766965299054,0.0377498527444385,4.58349670447601,7.3679723337379e-06,0.00621708363199512,1.65968326123109
"cg04358463",0.0417456987948702,0.0271347042166656,4.5785892110089,7.5286299892491e-06,0.00630377980253665,1.6389381380551
"cg07302051",0.0410111144612604,0.0266572243998192,4.57126687668291,7.77462468330431e-06,0.0064600602807456,1.60801958214112
"cg08444004",0.0593215407427461,0.038559001482785,4.56962641961091,7.83078686939935e-06,0.00648198593714159,1.60109844675688
"cg19046826",0.0370486238563193,0.0240816055066076,4.56413733694784,8.02156129585565e-06,0.00655467879199758,1.57795501458791
"cg26651782",0.04471318896543,0.0290635728275295,4.56093299241173,8.13498751890815e-06,0.00655921030691224,1.56445544469821
"cg18713687",0.0507568277127347,0.0329919380132775,4.55805765952776,8.23807946954338e-06,0.00659696557889286,1.55234874618705
"cg11803389",0.0367451761775883,0.0238843645154324,4.55709920780691,8.27272210857948e-06,0.00659696557889286,1.54831457417174
"cg27438152",0.0541916518430955,0.035224573698012,4.54026977193584,8.90433225104169e-06,0.00692311832518491,1.4775948413154
"cg03826642",0.0363395527131311,0.0236207092635352,4.5377891028833,9.0012663831207e-06,0.00694884997023183,1.46718932045294
"cg02631126",0.0648506854054366,0.0421529455135338,4.5334280581448,9.1741425974605e-06,0.00705728213239276,1.44890789737966
"cg24693760",0.070941985983006,0.0461122908889539,4.53132062873192,9.25882292546538e-06,0.00709734419321765,1.4400788928374
"cg07112131",0.0407192278591159,0.0264674981084253,4.52628795186922,9.46409576317496e-06,0.00721126119759211,1.4190086463682
"cg02797871",0.0507349485979362,0.0329777165886586,4.52605548407245,9.47368260225698e-06,0.00721126119759211,1.41803585273924
"cg27387193",0.0437936056170797,0.0284658436511019,4.51786831834727,9.81733392229753e-06,0.00742094998223671,1.38380237217644
"cg01819759",0.0826502785387842,0.0537226810502098,4.51475932134597,9.95094534599169e-06,0.00749591972948924,1.37081622232942
"cg02439789",0.0558156336293496,0.0362801618590773,4.51314948852421,1.00208141221031e-05,0.00752252149786843,1.36409497943302
"cg12623302",0.0713145142088546,0.0463544342357554,4.5089947513523,1.02033203704475e-05,0.00763320565170594,1.34675779813279
"cg27535677",0.0725582523866317,0.0471628640513106,4.50737384671281,1.02753849502524e-05,0.00764630900162972,1.33999762399327
"cg17848407",0.0376404767934057,0.0244663099157137,4.50702223322495,1.02910819360473e-05,0.00764630900162972,1.33853144901378
"cg09068086",0.0534420423948725,0.0347373275566671,4.49440037691989,1.08700671344763e-05,0.00796772261001849,1.28596413765836
"cg02169857",0.0549040615344018,0.0356876399973612,4.48899971508249,1.11272519952254e-05,0.00807509786054418,1.26350956359918
"cg27097438",0.0496971416932616,0.03230314210062,4.48326274712408,1.14068519707403e-05,0.00822275388751713,1.23968169424778
"cg07665063",0.0404839990318373,0.0263145993706942,4.47820234531553,1.16590696062834e-05,0.00832088011769973,1.21868524188438
"cg07100532",0.0550396550954994,0.0357757758120746,4.4776262080859,1.16881224342261e-05,0.00832088011769973,1.21629602312454
"cg09284655",0.0397956380739423,0.0258671647480625,4.47747294485657,1.16958627285995e-05,0.00832088011769973,1.21566049021014
"cg24510518",0.0594211990825066,0.0386237794036293,4.46135314053655,1.25380430337498e-05,0.00869733667329946,1.14891962932787
"cg00962903",-0.0365892985490021,-0.0237830440568513,-4.45259958806752,1.30194611056896e-05,0.00899789423082102,1.11276263201467
"cg25978138",-0.0358259649963959,-0.0232868772476574,-4.44990776912126,1.31710364855939e-05,0.00904666023936123,1.10165602574496
"cg08222513",0.0581544675336317,0.0378004038968605,4.44737961215254,1.33149377572941e-05,0.00908671457605935,1.09122987992994
"cg15848685",0.069888024635399,0.0454272160130093,4.42699786621216,1.45314751371128e-05,0.009703994286348,1.00735884699167
"cg14847009",-0.0366586024293786,-0.0238280915790961,-4.42373765049777,1.47357072560341e-05,0.00973058765614089,0.993973354669787
"cg04946387",0.0428957326424137,0.0278822262175688,4.42360022941141,1.47443760388689e-05,0.00973058765614089,0.993409327695215
"cg12740337",0.0549350279718072,0.0357077681816747,4.42350974024922,1.47500869385691e-05,0.00973058765614089,0.993037934819334
"cg27313566",0.0460190177298004,0.0299123615243703,4.42259652377517,1.48078402476818e-05,0.00973917468858105,0.98929019945702
"cg00321850",-0.0588820831683057,-0.0382733540593987,-4.41478508441127,1.53107929793912e-05,0.0099795198551301,0.957259795124706
"cg25556225",0.0433166464204174,0.0281558201732714,4.40302169449152,1.60992398999284e-05,0.0104000134309033,0.909115387579652
"cg26090062",0.0461827912048524,0.0300188142831542,4.39993129189657,1.63127486699169e-05,0.0104757680986458,0.896485305932561
"cg15708526",-0.0555181397866046,-0.036086790861293,-4.39148596902944,1.69101571525081e-05,0.0107327732131225,0.862008813283861
"cg03294458",0.0510923913082185,0.033210054350342,4.38935164501275,1.70644246850231e-05,0.0107678992867522,0.853304744053673
"cg12644888",-0.045158046957973,-0.0293527305226824,-4.38761878452114,1.71906664266354e-05,0.0108162083268165,0.846240547106735
"cg00599530",0.0401459943850344,0.0260948963502724,4.38638018027241,1.72814490735437e-05,0.0108419926896555,0.841192695055472
"cg11231735",0.0357037702918266,0.0232074506896873,4.38417407293766,1.74442839064692e-05,0.0108814344024021,0.832204850745084
"cg22674497",0.0388617649310082,0.0252601472051554,4.37447938524608,1.81774583689572e-05,0.0112185123978513,0.792753611405045
"cg02931604",0.0413416042867805,0.0268720427864073,4.36003928951419,1.93245235755749e-05,0.0116535977351874,0.734129544424844
"cg03350138",0.0351788768861318,0.0228662699759857,4.35708331244709,1.95677399151384e-05,0.011735253387123,0.722149213039831
"cg24063962",0.0356654427784888,0.0231825378060177,4.35415374481785,1.98116759464074e-05,0.011784158069762,0.710282754825853
"cg20228636",-0.0883989576817507,-0.0574593224931378,-4.35280995919203,1.99245412030044e-05,0.011818998964289,0.70484191692692
"cg26121931",0.109437926632153,0.0711346523108997,4.34743367380642,2.03822924096676e-05,0.0120576767869148,0.68308827465439
"cg12440927",-0.0496385053885087,-0.0322650285025307,-4.3388690657109,2.1132382771565e-05,0.0124338371064046,0.648481377501616
"cg23012310",0.0382103193847481,0.0248367076000863,4.33649701048833,2.13447597496051e-05,0.0124792780888857,0.638906951798983
"cg14825413",0.0697658048216628,0.0453477731340808,4.33481899939759,2.14962300566474e-05,0.0124792780888857,0.632136626512766
"cg20475486",0.0433382029794648,0.0281698319366521,4.33035589345999,2.1904132288887e-05,0.0126822595725817,0.614140086175704
"cg17604655",0.0362741677072176,0.0235782090096913,4.32129518037283,2.27551487377969e-05,0.0129197825554551,0.577653399658679
"cg08202754",0.040826889435145,0.0265374781328442,4.31579972198673,2.32866330066167e-05,0.0130994832184508,0.555555518032911
"cg05401945",0.0891278705564385,0.057933115861685,4.3132181336508,2.35403912797851e-05,0.0131403671323313,0.545182954040831
"cg03714522",0.0470867293717674,0.0306063740916488,4.30612328151337,2.42514921380263e-05,0.013365948958097,0.516703905459632
"cg13298116",0.0808735598002253,0.0525678138701465,4.30271038284696,2.46008408525639e-05,0.0134901840141137,0.503018677771344
"cg00576936",0.0414877070181092,0.026967009561771,4.29751582403437,2.51418241507819e-05,0.013683437794063,0.482207087785437
"cg08447739",0.0360013576304314,0.0234008824597804,4.29516328062049,2.5390557197431e-05,0.0137772552668338,0.472788893546292
"cg03775991",0.0436842400042818,0.0283947560027831,4.29170203794541,2.5760798407407e-05,0.0137772552668338,0.45894015576831
"cg20430047",0.042685988578283,0.0277458925758839,4.29076747501679,2.58616489885709e-05,0.0137772552668338,0.455202527350266
"cg07937631",-0.0531520509774929,-0.0345488331353704,-4.28184830909584,2.6843336068551e-05,0.0140814319569242,0.419566923008984
"cg01696605",0.039896954989675,0.0259330207432888,4.27115596792089,2.8067211955539e-05,0.0144828984000131,0.376930613073233
"cg21341645",-0.0495044321090156,-0.0321778808708601,-4.27109503774537,2.8074336815827e-05,0.0144828984000131,0.376687912703169
"cg09754549",0.0372276769795493,0.024197990036707,4.26852613122025,2.83763107899709e-05,0.0146040729526635,0.366458009323731
"cg20011983",-0.0391044751727042,-0.0254179088622578,-4.26633555465174,2.86362643774454e-05,0.0146685053058115,0.357738865776279
"cg24228532",0.0423317129619726,0.0275156134252822,4.26424156867156,2.88868840903042e-05,0.0147275753312862,0.349407773815381
"cg09169779",0.0364421079980752,0.0236873701987488,4.25998470378419,2.94028520232924e-05,0.0149556095454924,0.332482322133526
"cg17849569",0.060125457473217,0.0390815473575911,4.25817430696852,2.96249486272501e-05,0.0150334529514041,0.325288518443353
"cg25417842",0.0528284908555983,0.0343385190561389,4.25370989899364,3.01795126766189e-05,0.0152675247971559,0.307559947607629
"cg23548151",0.0427347497922026,0.0277775873649317,4.25277731591548,3.02966040990875e-05,0.0152675247971559,0.303858592998242
"cg15975750",0.0675012032798849,0.0438757821319252,4.25177637671013,3.04227613813558e-05,0.0152773078770788,0.299886713918644
"cg24467349",0.0824847757723434,0.0536151042520232,4.24730860777943,3.099202533161e-05,0.0154332032934562,0.282167726366346
"cg01682784",0.03502623334285,0.0227670516728524,4.22921299386874,3.34035836844423e-05,0.0162683672664499,0.210565159375152
"cg01003448",0.0409298068429024,0.0266043744478866,4.22827123404802,3.35338782727646e-05,0.0162953689731715,0.206845910759954
"cg18105139",0.0581736752068219,0.0378128888844342,4.22431837835275,3.40860823280199e-05,0.0165240212752862,0.19124285890441
"cg26672776",-0.0540272850779051,-0.0351177353006383,-4.22048376742366,3.46300652241395e-05,0.0167161090893463,0.176118562635608
"cg26007189",0.0457055843758827,0.0297086298443237,4.21316616250667,3.56912570518464e-05,0.0170142256474468,0.147289639062528
"cg02050426",0.0403147740479873,0.0262046031311917,4.20674613766545,3.66478081104833e-05,0.0173817599687412,0.122032391940804
"cg25006249",0.0681412021704999,0.044291781410825,4.19824382537778,3.7952359207683e-05,0.0178449861760531,0.088634266532706
"cg22459517",0.0954271824237021,0.0620276685754063,4.19129357759141,3.90516045019453e-05,0.0181656715813536,0.0613761486585727
"cg21206652",0.0420455872628859,0.0273296317208758,4.18536480520736,4.00132650329141e-05,0.0185733215302034,0.0381549594165236
"cg02410480",0.0425013731927807,0.0276258925753075,4.17400800834706,4.19188698208175e-05,0.0192933149259872,-0.00624685846172035
"cg06663305",0.0469620025452561,0.0305253016544164,4.15958254631227,4.44645115923332e-05,0.0202508873925752,-0.0624959041033399
"cg03814644",0.0350217923955967,0.0227641650571379,4.15704909751003,4.49265529654436e-05,0.0203760637095356,-0.0723571652070127
"cg22022881",0.0497338699767704,0.0323270154849008,4.15552606990933,4.52065187989058e-05,0.0204207906545726,-0.0782829350085699
"cg00835279",-0.0545581941341544,-0.0354628261872004,-4.15549001401218,4.52131667945099e-05,0.0204207906545726,-0.0784231979103058
"cg17501823",0.0621397296911973,0.0403908242992782,4.14350208472199,4.74759941679847e-05,0.0211546882977831,-0.12499965155644
"cg18228590",-0.0871669732794289,-0.0566585326316287,-4.14328536088484,4.75178804667705e-05,0.0211546882977831,-0.125840611968968
"cg06699195",0.0451706072279766,0.0293608946981847,4.13773481169011,4.86027302376458e-05,0.0215057202697876,-0.14736560045684
"cg10146935",0.0664469510749113,0.0431905181986924,4.13636689036807,4.88736957581312e-05,0.021538063899889,-0.152666549499704
"cg21903646",0.0378617061573706,0.0246101090022908,4.13204325000062,4.97396542174066e-05,0.0217873696642443,-0.169411470711861
"cg01310397",0.0501309075985037,0.0325850899390274,4.1272975519876,5.07069867746009e-05,0.0220778220416612,-0.18777349365547
"cg05353869",0.062392831405085,0.0405553404133053,4.11856492171516,5.25340612666053e-05,0.022646861658891,-0.221513910884873
"cg25125450",0.057623954953879,0.0374555707200213,4.11804315351833,5.2645191886209e-05,0.0226499175368136,-0.22352791323099
"cg07429146",0.0390916285008381,0.0254095585255448,4.11435125075465,5.3437953341492e-05,0.0228554861344652,-0.237772170180934
"cg20747455",0.0394135099382461,0.0256187814598599,4.09418911991588,5.79721242169026e-05,0.0241772632988883,-0.315366835688232
"cg26865747",0.0723869076887409,0.0470514899976816,4.09358554304539,5.81133565971626e-05,0.0241898235778247,-0.317684617399504
"cg10922264",0.0361005642821252,0.0234653667833814,4.09014273331083,5.89252380948148e-05,0.0243878789605346,-0.330899593484309
"cg26784300",0.036806838676564,0.0239244451397666,4.08755597271131,5.95423459116127e-05,0.0245035325235503,-0.340822327624375
"cg26299084",-0.055814656689862,-0.0362795268484103,-4.0836347929443,6.04895540258008e-05,0.0247529622395053,-0.355853444598637
"cg05014721",0.0379638508379247,0.024676503044651,4.08254817980842,6.07545683809397e-05,0.0248147646088754,-0.360016555020835
"cg05200811",-0.0713697647475028,-0.0463903470858768,-4.07435986050913,6.27874960219025e-05,0.0254446716177956,-0.391357236140298
"cg00254258",-0.0525423391230104,-0.0341525204299568,-4.06515374782975,6.51504668542679e-05,0.026168370173753,-0.426528109147362
"cg03604073",0.0467299206670711,0.0303744484335962,4.06331306706567,6.56329737386201e-05,0.0263136250145444,-0.433551904471965
"cg27422857",0.0439865599427954,0.0285912639628171,4.05706336663424,6.72967585997503e-05,0.0267344969838789,-0.457379263357946
"cg13308137",-0.0861089016299159,-0.0559707860594453,-4.05602139835255,6.75780265596215e-05,0.0267973340291978,-0.461348722522578
"cg01628528",0.0392522999958221,0.0255139949972844,4.05334839725201,6.8304701934905e-05,0.0269063128903659,-0.471527665044889
"cg24937727",0.0483947112559845,0.03145656231639,4.04842557544695,6.9662518718758e-05,0.0272271639588395,-0.490258750847726
"cg15166039",0.0480845928854529,0.0312549853755444,4.04063408336277,7.18642258887962e-05,0.0277883516447441,-0.519864416046354
"cg13752184",0.0463554821943364,0.0301310634263186,4.04015630069259,7.20013701561349e-05,0.0277920182322528,-0.521678248725543
"cg12863693",-0.0436232299228052,-0.0283550994498233,-4.03356065179122,7.39202471303586e-05,0.0283317566906322,-0.546698552412606
"cg07895657",0.0395964359925955,0.0257376833951871,4.03118228939362,7.46240492144624e-05,0.0285512399191362,-0.555712014813433
"cg06329735",0.0572990732182364,0.0372443975918537,4.01906493422101,7.83099221510261e-05,0.0294949308862948,-0.601562019954354
"cg09737421",0.0372420012643184,0.0242073008218069,4.01369660122357,7.99976541181581e-05,0.029975024615358,-0.621836338713096
"cg09914773",0.0356143539028366,0.0231493300368438,4.01017360157439,8.1123980627506e-05,0.0302774582421593,-0.635128608967587
"cg20935489",0.0360865471555077,0.02345625565108,4.00986912565588,8.12220285412083e-05,0.0302774582421593,-0.636276917048946
"cg00533202",0.0391365342713948,0.0254387472764067,4.00806401885994,8.18056313377798e-05,0.0302859424934474,-0.643083176669191
"cg09119043",0.0379003159833772,0.0246352053891951,4.00568765923829,8.25800070448912e-05,0.0303676816447176,-0.652039293226197
"cg25705717",0.0584392094164636,0.0379854861207013,3.99844084651902,8.49847747193677e-05,0.0310944293384981,-0.679322683509273
"cg27612019",0.035221462323505,0.0228939505102783,3.99686875018229,8.55151739628994e-05,0.0312359955901396,-0.685235736029131
"cg26279745",0.0374591199725298,0.0243484279821444,3.9880417496948,8.85521945274396e-05,0.0320762275351474,-0.71839853529389
"cg08409113",0.0352339017879989,0.0229020361621993,3.96536615537512,9.68309619091909e-05,0.0341654787806011,-0.803295754784051
"cg02792821",0.0361306493261045,0.0234849220619679,3.95871642311841,9.93949332329574e-05,0.0347323867814042,-0.828111833241852
"cg26127836",0.0358467400041155,0.0233003810026751,3.94525910932711,0.000104782386464501,0.0362081357671775,-0.878221267441784
"cg11965913",0.104204295160878,0.0677327918545705,3.94069641375197,0.000106671123749953,0.036773827064825,-0.895176848086575
"cg03958363",-0.0366021052224948,-0.0237913683946216,-3.94003639530168,0.000106947001455088,0.036773827064825,-0.897628137756518
"cg13375589",0.0790805967086574,0.0514023878606273,3.93637006502267,0.000108491847167386,0.0371362816483331,-0.911238218894072
"cg11260046",0.040837821298513,0.0265445838440335,3.93405633445544,0.000109477639849529,0.037356241685333,-0.919821477568149
"cg00963378",0.0505503089348821,0.0328577008076734,3.93361049994343,0.0001096685675684,0.0373628281058539,-0.921474882837183
"cg17910899",0.0497704538088218,0.0323507949757342,3.93148124481763,0.000110584784779433,0.0375763342883313,-0.929369088512058
"cg15833099",0.0366796359073446,0.023841763339774,3.92511981556807,0.000113365583135853,0.0381892957370182,-0.952931690507882
"cg22497095",0.050789506880193,0.0330131794721255,3.92482102042107,0.000113497815075107,0.0381892957370182,-0.954037596959351
"cg01345055",0.0381621616455954,0.024805405069637,3.91732909821472,0.000116861620612387,0.0390195932627555,-0.98174265056244
"cg13732083",0.0824745870154794,0.0536084815600616,3.90893451934115,0.000120743048945314,0.040130933977702,-1.01273040746021
"cg01448115",-0.0420305802632908,-0.027319877171139,-3.89581166067317,0.000127056688726206,0.0417828415947055,-1.06105491712291
"cg11203293",0.0379612967384916,0.0246748428800196,3.89523018853081,0.00012734356585702,0.0418140185325388,-1.06319285930306
"cg18102738",0.0357076452721698,0.0232099694269103,3.88671714854855,0.000131614560803942,0.0429572562024259,-1.09446120420561
"cg08709360",0.0440676555131603,0.0286439760835542,3.88456067700726,0.000132717829522283,0.0432525022260496,-1.10237234243635
"cg24881289",0.0380638725144813,0.0247415171344128,3.87983663669917,0.000135165409135424,0.0435933475093063,-1.11968922798112
"cg20663376",0.0369898353449598,0.0240433929742238,3.87527359129885,0.00013757015839766,0.0441528045491784,-1.13639831635535
"cg13446199",-0.0441717351298778,-0.0287116278344205,-3.86867889422896,0.000141117359205153,0.0447628974795823,-1.16051632095059
"cg18771553",0.036805728945453,0.0239237238145445,3.86801951552889,0.000141476758519971,0.0447667010607524,-1.1629257958765
"cg18345369",0.0372938048442749,0.0242409731487787,3.8594834399497,0.000146208414421111,0.0456665305874832,-1.19408526020385
"cg07223180",0.0413467813252512,0.0268754078614133,3.85357891075676,0.000149568683609008,0.0465824068979701,-1.21560316376363
"cg07241909",0.0363706173504316,0.0236409012777804,3.84921697655011,0.000152097910685467,0.0473024502231802,-1.23148069537163
"cg16135989",0.0463400396740032,0.0301210257881021,3.84642604717569,0.000153737402275138,0.0475413676556768,-1.2416314032336
"cg26968378",0.0438517816649498,0.0285036580822173,3.8426424424603,0.000155986770108704,0.0478282468321973,-1.25538211855471
"cg05940452",0.0451213267568223,0.0293288623919345,3.83722099311479,0.000159264231168192,0.0485406992273022,-1.27506438842424
"cg17239008",-0.0394224496985539,-0.02562459230406,-3.83602551443993,0.000159995664299365,0.048578878825623,-1.27940120159358
"cg01652244",0.0368518769808225,0.0239537200375346,3.83414148228503,0.000161154837060867,0.0485919778783253,-1.28623344079904
"cg01430344",0.0415006610328944,0.0269754296713814,3.83352265713794,0.000161537308198926,0.0486399336029131,-1.28847689591568
"cg14834903",-0.0471352607512355,-0.0306379194883031,-3.83068173275202,0.000163304226612253,0.0489687742885503,-1.29877211952666
"cg24503407",0.10274862139737,0.0667866039082902,3.82802694576273,0.000164971902538146,0.0491977851815815,-1.3083866986281
"cg07814289",0.037089695750308,0.0241083022377003,3.82327651160023,0.00016799632633345,0.0499628418617378,-1.3255761597497
"cg23691223",0.0449490549436673,0.0292168857133838,3.82050656889178,0.000169783991611372,0.0501519334786914,-1.33559048935731
"cg00271210",-0.0464730656129867,-0.0302074926484414,-3.80942882581917,0.000177114936053,0.0518251634122825,-1.37557624737759
"cg14220678",0.0368337683574251,0.0239419494323263,3.80717263401287,0.00017864428579922,0.0522024980113963,-1.38370750039013
"cg27128734",0.0358181942097265,0.0232818262363222,3.80466874620116,0.000180356160130019,0.0524212764490056,-1.39272644758711
"cg17553149",0.0470536257633728,0.0305848567461923,3.80403067561528,0.000180794875339594,0.0524787258152396,-1.39502392299543
"cg13641043",0.0350159829373635,0.0227603889092863,3.80146048836081,0.000182572292127382,0.0529240852145553,-1.40427483692782
"cg16306978",-0.0396254182203866,-0.0257565218432512,-3.79559854055143,0.000186688173563367,0.0538304839533048,-1.42535310478729
"cg00817731",0.035590866729072,0.0231340633738968,3.79228312087238,0.000189054745469224,0.0543266173151665,-1.43726185542761
"cg21665850",0.046392960106332,0.0301554240691158,3.79214013460822,0.000189157445681655,0.0543266173151665,-1.43777524434907
"cg15954353",0.0606555919549439,0.0394261347707136,3.79076472771834,0.000190148033362042,0.0545391658272945,-1.44271273487092
"cg17178900",0.112557772764348,0.0731625522968264,3.78798437095505,0.000192165488134931,0.0550452983775981,-1.4526889201276
"cg13126279",-0.0552188957964856,-0.0358922822677156,-3.77912385690558,0.000198730653511689,0.0560583192617986,-1.48443797410624
"cg01299579",0.0386265074929961,0.0251072298704474,3.77628123311495,0.000200881428399784,0.0563555244363827,-1.49460970584144
"cg11331445",0.0485246582595543,0.0315410278687103,3.76369750551659,0.000210669535238097,0.058054123824473,-1.53955631028253
"cg02182594",0.0420486076381967,0.0273315949648278,3.76257976661364,0.000211560415463708,0.0581089700693462,-1.54354221172117
"cg27020253",-0.0383698636881657,-0.0249404113973077,-3.76047103553246,0.000213250856374444,0.05824811055882,-1.55105916716554
"cg22452837",0.0520527980204746,0.0338343187133085,3.75835009133419,0.000214963956802463,0.0582785222862966,-1.5586158821879
"cg20790798",0.0561002856274554,0.036465185657846,3.75550134950342,0.000217285373359425,0.0587615227085055,-1.56875970756687
"cg16530382",0.0391196722724381,0.0254277869770847,3.74970538286045,0.000222081772876733,0.0599526811859238,-1.58937693432493
"cg12472449",0.0514294900533928,0.0334291685347053,3.7473949694085,0.000224021473590589,0.0600575936880751,-1.59758757197761
"cg00055529",0.0382664914243861,0.0248732194258509,3.74633306919956,0.00022491834654085,0.0601532236387507,-1.60135979331836
"cg20057198",0.0747857802670809,0.0486107571736025,3.74474048904118,0.000226269787533625,0.0602331207850781,-1.60701538373585
"cg03951833",0.0439100627399098,0.0285415407809415,3.74428739792578,0.000226655673416636,0.0602477901133109,-1.60862401580353
"cg08155325",0.04065571226236,0.026426212970534,3.74207087867686,0.000228552399626314,0.0606778748764007,-1.61649094031544
"cg07238058",-0.0380294881414368,-0.024719167291934,-3.7351780130031,0.000234547027105651,0.0621935295991477,-1.64092878812683
"cg03687532",0.0385580034681292,0.025062702254284,3.73165016862032,0.000237672284602724,0.0626188621654939,-1.65342083727666
"cg18032014",-0.043778967610762,-0.0284563289469954,-3.73110114228493,0.000238162179027637,0.0626188621654939,-1.65536398744724
"cg13988338",0.0388897682321575,0.0252783493509024,3.72688963478183,0.000241951923815435,0.0633849985735501,-1.67026116869226
"cg23170091",0.0386994616822294,0.025154650093449,3.72104947060836,0.000247301516119864,0.0643989713627922,-1.69089453673013
"cg08234689",0.0421358053493138,0.0273882734770539,3.71893595007262,0.000249264866474307,0.0646781423497696,-1.6983545281294
"cg06099431",0.0396149994175325,0.0257497496213961,3.71280517410643,0.000255043597848288,0.0657076819545235,-1.71997267129028
"cg13012494",0.0703617435775475,0.0457351333254059,3.70688104548909,0.000260747461622648,0.0667820263473534,-1.74083194700676
"cg11742103",0.0553832874559623,0.0359991368463755,3.70547020443421,0.000262123480166926,0.0670555600850056,-1.7457952409633
"cg07916022",0.0398066281884644,0.0258743083225017,3.70500973603023,0.000262574064108418,0.0670919879769985,-1.74741478960697
"cg08878450",-0.0378720560019835,-0.0246168364012893,-3.70149791232863,0.000266034618273792,0.0674772156141343,-1.75976059048682
"cg07601320",0.0449803490357137,0.0292372268732139,3.69726118768925,0.000270266753183714,0.0679785274471882,-1.77464088276346
"cg16288318",0.0544474258108242,0.0353908267770357,3.69711364685708,0.000270415272252021,0.0679785274471882,-1.77515880419295
"cg11801727",0.0368398025622008,0.0239458716654305,3.68625027042463,0.000281564658018742,0.0698935302744357,-1.81324250268551
"cg16719560",-0.0390793602843279,-0.0254015841848131,-3.68233820215477,0.000285684821108055,0.070703304611716,-1.82693253259589
"cg21052814",0.0473297293883322,0.0307643241024159,3.67896154458729,0.000289286732638693,0.071403312579868,-1.83873849271468
"cg07534843",0.0416830061348254,0.0270939539876365,3.67060036975341,0.000298390787457766,0.07315278651977,-1.86793041584997
"cg03486986",0.0560520892318365,0.0364338580006937,3.66701185848493,0.000302380369830904,0.0739106815091854,-1.88044102501504
"cg04398451",0.052335028775134,0.0340177687038371,3.66629533132709,0.000303182976993393,0.0739943207303382,-1.88293774056474
"cg06710769",0.0390100526762881,0.0253565342395873,3.66538288507949,0.00030420794603197,0.0741613324201118,-1.88611649869633
"cg14844989",-0.0386037299995007,-0.0250924244996753,-3.66359620992727,0.00030622441730973,0.0743557840850474,-1.89233882647381
"cg02577387",0.0409431964902411,0.0266130777186567,3.65532285167891,0.000315727146771363,0.0756165206646122,-1.9211165137973
"cg07129803",0.0371928899376618,0.0241753784594801,3.65469523686989,0.000316459243466212,0.0756165206646122,-1.92329720790693
"cg20245362",0.0419859968784046,0.027290897970963,3.65353347291597,0.000317818633018467,0.0756165206646122,-1.92733295914608
"cg22077361",0.0392960711343868,0.0255424462373515,3.65274342073769,0.000318746219682371,0.0757036570955704,-1.93007679752703
"cg01032119",0.0449191173840145,0.0291974262996094,3.64260653431889,0.000330876279381538,0.0774385017870502,-1.96523493775613
"cg22862634",0.0409791647481837,0.0266364570863194,3.64236719086658,0.000331167869378703,0.0774385017870502,-1.96606400512734
"cg20066226",0.0457628382100585,0.0297458448365379,3.64097409145055,0.000332869878631949,0.0776200522608482,-1.9708886269872
"cg09712682",0.050265372661051,0.0326724922296832,3.63265217617531,0.000343209907637573,0.0793657093635159,-1.99967490924566
"cg04143909",0.0454810079846798,0.0295626551900418,3.63119005299432,0.000345057546577597,0.0795752414088377,-2.00472643861673
"cg25792518",0.0382893369719588,0.0248880690317732,3.6297248231968,0.000346918500931839,0.079835261789494,-2.00978687414263
"cg21929564",0.0469013670685035,0.0304858885945273,3.62679047964238,0.000350673781614362,0.080190842707402,-2.01991565930377
"cg14866032",0.0448753919202704,0.0291690047481758,3.62118430571833,0.000357954995559187,0.0812583968021219,-2.0392466812716
"cg01817393",0.039105486687493,0.0254185663468704,3.61865478234655,0.000361286669092465,0.0815047749859373,-2.04796012665852
"cg26209990",0.0464352499702812,0.0301829124806828,3.60945593105211,0.000373650230951567,0.0832586031506204,-2.0796013811533
"cg04492858",0.045343307008795,0.0294731495557167,3.60679559645886,0.000377299336464134,0.0836436512711221,-2.08873866231876
"cg06070970",0.0367979370658661,0.023918659092813,3.60499732188237,0.000379784937333808,0.083853124601998,-2.0949116585462
"cg06609049",0.0441456324047433,0.0286946610630831,3.60408464209876,0.000381052340343061,0.0839626462476563,-2.09804358810104
"cg11168104",0.0533045149827188,0.0346479347387671,3.60084488356531,0.000385583462275744,0.084703854427275,-2.109155319526
"cg19872996",-0.0434151113492179,-0.0282198223769917,-3.58811656344983,0.000403880484433436,0.0876469480629073,-2.15272411054173
"cg26135325",0.0375130562127101,0.0243834865382616,3.58744316802148,0.000404870872691905,0.0876469480629073,-2.15502527251633
"cg20450507",0.0382266259801501,0.0248473068870976,3.58734198155732,0.000405019888614078,0.0876469480629073,-2.15537101866422
"cg00413089",0.0670353455184525,0.0435729745869941,3.5864325197457,0.000406361556633195,0.0878499611509896,-2.15847818472123
"cg17221813",-0.0766123972449698,-0.0497980582092303,-3.58490146060595,0.000408629666175268,0.0881826345640957,-2.16370743309476
"cg17035899",0.0559138212055098,0.0363439837835813,3.58348685282315,0.000410735835773969,0.0881826345640957,-2.16853716603061
"cg18815120",0.0838285163259952,0.0544885356118969,3.58128328064291,0.000414037008543521,0.0885382250688711,-2.17605715895781
"cg02287371",0.0393729655125353,0.0255924275831479,3.57809713777791,0.000418854287808729,0.089187209057598,-2.18692296210036
"cg08873628",-0.0398629355235569,-0.025910908090312,-3.57020612419494,0.000431012811040532,0.0906584434430182,-2.21379652029746
"cg06307913",-0.0556491610063982,-0.0361719546541588,-3.56243305405653,0.000443313179916085,0.0920012195116604,-2.24021626741041
"cg23445321",0.0376967736434745,0.0245029028682585,3.55674314443721,0.00045252527078352,0.0932904843272465,-2.25952277139544
"cg15201545",0.0750605275969106,0.0487893429379919,3.5481405720067,0.000466794990205854,0.0950619919249902,-2.28865954567366
"cg11693285",0.040511644467547,0.0263325689039055,3.54674221413124,0.000469154087448248,0.0954531260163399,-2.29338976172578
"cg14654363",0.0459825359385408,0.0298886483600515,3.54518699776742,0.000471790956528367,0.0958532828716652,-2.29864861069475
"cg15977137",-0.0358178218890213,-0.0232815842278638,-3.54426080526173,0.000473367918830204,0.0960411891233322,-2.30177947566155
"cg05481257",0.0614479845772639,0.0399411899752216,3.54098507763794,0.000478985052059329,0.0964823336255998,-2.31284670876281
"cg27260867",0.0462735010455667,0.0300777756796184,3.52618356133756,0.000505155196019939,0.100523113504151,-2.36273955471609
"cg03759229",0.0391133611728789,0.0254236847623713,3.50969014319057,0.000535894353158998,0.104631570119026,-2.41811353412165
"cg10781513",0.0363313657402689,0.0236153877311748,3.50478468314177,0.000545369824492478,0.105985304351463,-2.43453764288851
"cg23476877",0.0379871593846912,0.0246916536000493,3.50459012407087,0.000545748857041753,0.105985304351463,-2.43518862426256
"cg21428710",0.0406212663946544,0.0264038231565253,3.49371433810683,0.000567333710021313,0.108626691883588,-2.47152638718821
"cg13565129",0.0534353743280855,0.0347329933132556,3.49214619524035,0.000570511153751005,0.109043264417554,-2.47675739580264
"cg21568145",0.0363731487115833,0.0236425466625292,3.48295173150768,0.000589479441669228,0.111300671683774,-2.50738559583667
"cg23740940",0.0399334567662637,0.0259567468980714,3.48217763327028,0.000591103089330454,0.111444185638737,-2.50996090924932
"cg00343839",0.0467900932929293,0.030413560640404,3.47980118109209,0.000596113834924297,0.112067341850621,-2.51786379228923
"cg10960055",0.0468777463570448,0.0304705351320791,3.46798979711094,0.000621613792623372,0.115268588291404,-2.55707015235316
"cg17872886",-0.0535742550686061,-0.0348232657945939,-3.46760418875318,0.000622463262865925,0.115327874319925,-2.55834809782771
"cg17250082",0.0605525425615573,0.0393591526650122,3.45650038740109,0.000647395541586026,0.118534911188627,-2.59509208683672
"cg08883853",0.0351541787331041,0.0228502161765176,3.44186997506313,0.000681674896754341,0.122848199522699,-2.64334325356748
"cg27427514",0.0414894850747583,0.0269681652985929,3.44056891711985,0.000684804123641076,0.123208146873275,-2.64762517582017
"cg05626790",0.0355920393041595,0.0231348255477037,3.42694482484808,0.000718388861071415,0.127303659417175,-2.69237543752046
"cg13890379",0.0372668695397005,0.0242234652008053,3.42389610482337,0.000726112192650426,0.128080441222559,-2.70236735681831
"cg18311871",0.0389493625291669,0.0253170856439585,3.42370722596531,0.000726593224206985,0.128080441222559,-2.70298612593163
"cg15695738",-0.0595346097228345,-0.0386974963198424,-3.42189447743337,0.000731225055787652,0.128688516285345,-2.70892313526991
"cg18942579",-0.0455559356231742,-0.0296113581550632,-3.41249774304204,0.000755680591961257,0.132025053228327,-2.73965307569074
"cg14893161",0.0863705145443994,0.0561408344538596,3.41242658073536,0.000755868678172279,0.132025053228327,-2.73988550384516
"cg04044120",0.0389202500288845,0.0252981625187749,3.41223261711229,0.000756381557692868,0.132025053228327,-2.74051899958632
"cg18082402",0.0459827400551948,0.0298887810358766,3.41205379353278,0.000756854691910668,0.132025053228327,-2.74110301818074
"cg07745707",0.0377752953301626,0.0245539419646058,3.40875097460666,0.00076564321657056,0.133039564303628,-2.75188467707623
"cg21838488",0.0533156446070751,0.0346551689945988,3.40871999147804,0.000765726109657537,0.133039564303628,-2.75198577295624
"cg16285447",-0.0461149362358224,-0.0299747085532845,-3.40446623814329,0.000777186647876572,0.134601060654519,-2.76585757005134
"cg25035485",-0.03547598564528,-0.023059390669432,-3.39681904042405,0.000798193786621695,0.136828340115344,-2.79075609426162
"cg16906346",0.0771377645799697,0.0501395469769804,3.38379153602117,0.000835206353641568,0.141058512946291,-2.83305526743107
"cg09163005",0.0363959643784237,0.0236573768459754,3.38330462739115,0.000836620290744115,0.141187780848832,-2.83463335477939
"cg27202913",0.0396508892387728,0.0257730780052023,3.3741549788006,0.00086360901849175,0.143996437397252,-2.86424929439727
"cg16907514",-0.036083712629307,-0.0234544132090495,-3.37278459658265,0.000867720496397686,0.144278998799299,-2.8686787235897
"cg01053087",0.0845054561985183,0.0549285465290369,3.37188333788601,0.000870434437702731,0.144541248732177,-2.87159093265521
"cg10072237",0.0515896083555568,0.0335332454311119,3.37043969829565,0.000874798147183787,0.144934213578318,-2.876254245501
"cg27119318",-0.0514883420036494,-0.0334674223023721,-3.36884454046426,0.000879643583496731,0.14525904666553,-2.88140488789409
"cg25910261",0.0381164606874174,0.0247756994468213,3.35964571990179,0.000908077836277713,0.148638003727563,-2.91106390160907
"cg00901687",0.0663820150392398,0.0431483097755058,3.35571433930104,0.000920489553202256,0.149713877245374,-2.92371702844844
"cg04120272",0.0380577330173459,0.0247375264612748,3.3539514397727,0.000926106395337745,0.150017063555006,-2.92938653238051
"cg24668570",-0.0356673808990438,-0.0231837975843785,-3.35264407643603,0.000930292454843312,0.150352388581581,-2.93358927588032
"cg14159672",0.0919056421082645,0.0597386673703719,3.34832191766061,0.000944257514703702,0.151901957905724,-2.9474729789242
"cg02121547",-0.0351769444171331,-0.0228650138711366,-3.3477520906309,0.00094611315906648,0.151939758130573,-2.94930216926537
"cg21950155",0.0605439096590941,0.0393535412784112,3.34766546490221,0.000946395553629109,0.151939758130573,-2.9495802199621
"cg04612959",0.0392870268527839,0.0255365674543095,3.3363997851952,0.000983797878375247,0.155407277642954,-2.98568488423351
"cg15550339",-0.0380035411764393,-0.0247023017646855,-3.33625895672954,0.000984274030429805,0.155407277642954,-2.98613551487413
"cg01911981",0.0480526653289262,0.031234232463802,3.33480487740025,0.000989202956221503,0.155824517778163,-2.99078734431493
"cg05713954",0.0355094678117824,0.0230811540776586,3.33374183288853,0.000992820923249976,0.15606580892839,-2.9941870224127
"cg10472711",-0.0429295528933251,-0.0279042093806614,-3.33028893759696,0.0010046577419908,0.157074471880124,-3.00522276760329
"cg03455316",0.0447867400742407,0.0291113810482564,3.32561957675827,0.00102087387276959,0.15863257823122,-3.02012986091084
"cg24867279",0.0393570983641158,0.0255821139366753,3.32203579252189,0.00103348491856106,0.159832453148387,-3.03155828054134
"cg12893697",-0.061641665195721,-0.0400670823772187,-3.32045588270099,0.0010390904386382,0.160432615951444,-3.03659292636774
"cg15175143",0.040190826348155,0.0261240371263007,3.31570469030226,0.00105611871679767,0.162141780427965,-3.05172023197327
"cg02452966",0.0351324417124429,0.0228360871130879,3.3117904219465,0.00107034226121036,0.163863228034806,-3.06416801387332
"cg03868770",-0.0439116258203437,-0.0285425567832234,-3.31017152512284,0.0010762769174055,0.164499565819246,-3.06931235348259
"cg20362242",-0.0474076312993905,-0.0308149603446038,-3.30909050671713,0.00108025682310843,0.164702906619319,-3.0727462085302
"cg20372230",0.0352697413150939,0.022925331854811,3.30756585383758,0.00108589331259144,0.165145587398019,-3.07758752891025
"cg24579218",0.0365404134955154,0.0237512687720851,3.30243513559245,0.00110506273198999,0.166569678900009,-3.09386444616474
"cg24661236",0.0466568964375737,0.0303269826844229,3.30228757547696,0.00110561867712684,0.166569678900009,-3.09433223120655
"cg27398640",-0.0433194803554844,-0.0281576622310649,-3.29424831896448,0.00113630357645752,0.169451792229039,-3.11978889367252
"cg09479241",-0.0484711595201915,-0.0315062536881245,-3.28198079160389,0.0011846573046502,0.173087178001577,-3.15852533634097
"cg26927190",-0.0470033550862241,-0.0305521808060457,-3.27959468578216,0.00119428186481645,0.174026212831687,-3.16604446067508
"cg11440486",0.0473662743408868,0.0307880783215764,3.27898054580012,0.00119677078650008,0.174038045677575,-3.16797893697807
"cg09156207",0.0454881963806441,0.0295673276474187,3.27768197883975,0.00120204936689498,0.174109213022646,-3.17206819593314
"cg07021052",0.0474332951605155,0.030831641854335,3.27417788843096,0.00121640143133742,0.175383662744636,-3.18309538143085
"cg11343894",-0.057145376765051,-0.0371444948972831,-3.27226710933407,0.00122429455210888,0.176042882426753,-3.18910395797493
"cg26749518",0.0476964496843193,0.0310026922948075,3.26578137965904,0.00125144244525146,0.178997838752302,-3.20947486142309
"cg04111992",0.0415323541048327,0.0269960301681413,3.26472065899652,0.00125593525778884,0.1790550789919,-3.21280294157533
"cg04554929",-0.0788576688996611,-0.0512574847847797,-3.26150024219339,0.00126966771176575,0.179981016007781,-3.22290114974196
"cg08899523",0.0633466911487067,0.0411753492466593,3.25926221814386,0.0012792930712594,0.1802602599438,-3.22991351525642
"cg07524919",0.0494843448046684,0.0321648241230344,3.254987925076,0.00129786468277355,0.181935055659885,-3.24329385163201
"cg19418458",0.0535854376712527,0.0348305344863142,3.25293254923181,0.00130688407055299,0.182536931848515,-3.24972232162929
"cg03168497",0.0541310299442386,0.0351851694637551,3.24492423962792,0.00134258417703538,0.185656548033244,-3.27473395168813
"cg07676361",0.0595353247549151,0.0386979610906948,3.24275831557555,0.00135239399076326,0.186457360221128,-3.28148888840204
"cg16865965",-0.0467962524390913,-0.0304175640854093,-3.23872616375178,0.00137083369248596,0.188641273612007,-3.29405308653407
"cg16898124",-0.0414548403120289,-0.0269456462028188,-3.23640981954768,0.00138153197491325,0.189682448964568,-3.30126434687392
"cg17524265",-0.0487086241614113,-0.0316606057049173,-3.23596085689937,0.00138361450019301,0.189682448964568,-3.30266151397414
"cg22361859",0.0362095957946511,0.0235362372665232,3.23565462092032,0.00138503665480473,0.189682448964568,-3.30361441529188
"cg24399712",-0.0622487818002507,-0.0404617081701629,-3.23434240015359,0.00139114595869151,0.189746093417915,-3.30769666064991
"cg22590775",0.0398959677327324,0.025932379026276,3.23362196671119,0.00139451070301858,0.189859274576076,-3.30993724365266
"cg25511667",0.043422210582253,0.0282244368784644,3.22994279599179,0.00141181212954855,0.191456408843614,-3.32137251137023
"cg05030553",0.0378097902282556,0.0245763636483661,3.22686151535775,0.00142645496875651,0.192522781586047,-3.33094029096565
"cg14780466",0.0509648771094773,0.0331271701211602,3.22175704164351,0.00145102277833352,0.194631952460387,-3.34677193032608
"cg01943874",0.0367957191851811,0.0239172174703677,3.21986951916668,0.00146020637781986,0.195382254733487,-3.35262030409306
"cg24608381",0.056911554050693,0.0369925101329504,3.21714620727099,0.00147355146724117,0.196735617918883,-3.36105278234926
"cg08291996",-0.0560191800127234,-0.0364124670082702,-3.2163608578358,0.0014774208850923,0.196951660770235,-3.36348332722869
"cg15829969",0.035250242544722,0.0229126576540693,3.20749469984246,0.00152176287718083,0.199811687793888,-3.3908850660034
"cg04082016",0.0457456133479055,0.0297346486761386,3.20694869483616,0.00152453351295776,0.199838349343016,-3.3925702801878
"cg14019050",-0.044640707492343,-0.0290164598700229,-3.19987178031572,0.00156087001684707,0.203109027296836,-3.41438896275669
"cg22198853",0.0390473505197599,0.0253807778378439,3.19035298664602,0.00161101066084268,0.206798513129318,-3.4436663618143
"cg20568497",0.0353923898039212,0.0230050533725487,3.18400461940063,0.00164527580910124,0.209268532097241,-3.46314780429361
"cg06791446",-0.0585699262806884,-0.0380704520824474,-3.1727179859494,0.00170786658262085,0.214512481700328,-3.49769541808954
"cg00219169",0.0370292243485692,0.02406899582657,3.17132900633835,0.00171571973220333,0.214512481700328,-3.50193919755605
"cg06064525",-0.0637320997859349,-0.0414258648608577,-3.16965690377724,0.00172521795688646,0.215108791073415,-3.50704574250375
"cg06211550",0.0514099374764783,0.0334164593597109,3.15740641685756,0.00179630381766694,0.220188818190368,-3.54438277207615
"cg13900773",0.0485940096167576,0.0315861062508924,3.15593178642977,0.00180504095860892,0.220388617515239,-3.54886818191205
"cg10187029",-0.038044405903769,-0.0247288638374498,-3.15245743275933,0.00182578201344827,0.222048758699706,-3.55942856339715
"cg00958927",-0.0376409385420152,-0.0244666100523099,-3.15217047916178,0.00182750487237134,0.222048758699706,-3.56030028721959
"cg10665321",0.0357616488141348,0.0232450717291876,3.15114160917696,0.00183369453548486,0.222102425597285,-3.56342524617783
"cg25838465",0.0398104421057846,0.02587678736876,3.15087619461547,0.00183529440682636,0.222102425597285,-3.56423123031066
"cg09122588",0.0415900789544391,0.0270335513203854,3.13659660993697,0.00192329629045995,0.227926838559135,-3.6075018926334
"cg00758881",0.0540558881792832,0.0351363273165341,3.13330313131166,0.00194413908892351,0.230021238944918,-3.61745625788254
"cg07755735",0.038396189734857,0.024957523327657,3.13041128052817,0.00196261204012239,0.231533543479136,-3.62618878126071
"cg20390711",0.0361786705370049,0.0235161358490532,3.12745088948877,0.00198169066745186,0.232819243553303,-3.63512058055867
"cg27406983",-0.0368864228362371,-0.0239761748435541,-3.11883629376911,0.00203818737720934,0.237279888779932,-3.66106738149839
"cg13811417",0.0477910992668163,0.0310642145234306,3.11037912616636,0.00209509487691309,0.24196400780052,-3.68647583040509
"cg11023668",-0.0527494407567841,-0.0342871364919097,-3.10476066292562,0.00213370789552049,0.244867410794726,-3.70332058709315
"cg09135656",0.0368943185284441,0.0239813070434886,3.10246552081822,0.00214966938176818,0.245789403577171,-3.71019358721416
"cg10599438",0.06985083701295,0.0454030440584175,3.09737757292359,0.00218544688297525,0.248185595421863,-3.72541316189046
"cg07428004",0.0360115859884257,0.0234075308924767,3.0968904892801,0.00218890061491715,0.248207942788693,-3.7268689657556
"cg02398342",0.0689186954399246,0.044797152035951,3.08093796852206,0.00230483511567907,0.256327449117135,-3.77443129928935
"cg11245681",0.036841845075443,0.0239471992990379,3.06953301315079,0.00239116133563371,0.260538449833563,-3.80829600040984
"cg19884937",0.0378208436176397,0.0245835483514658,3.0660958066857,0.00241775642439185,0.262052740152222,-3.81847932671518
"cg21934190",0.0355304615127377,0.0230947999832795,3.06363253613573,0.0024369830560253,0.263160323063843,-3.82577070975007
"cg11685843",0.0441413463939991,0.0286918751560995,3.06094172846742,0.00245814653405955,0.264482557621915,-3.83372942044627
"cg27431761",0.0358094226481112,0.0232761247212722,3.04863258734677,0.00255713397803219,0.270762678510509,-3.87005419774322
"cg20793532",0.0355874173629885,0.0231318212859425,3.03407481831528,0.00267893336532092,0.277056434028676,-3.91283994373468
"cg26846943",0.0486970801124367,0.0316531020730838,3.02201929329068,0.00278381153932337,0.283062014063848,-3.94812796672488
"cg16602316",0.0418452589085715,0.0271994182905715,3.01742971865005,0.00282472116815845,0.285653607478482,-3.96152801648926
"cg18725375",0.0381050232285308,0.024768265098545,3.006439606084,0.00292493767357355,0.291779786281029,-3.99353881287106
"cg10857441",0.039200824766851,0.0254805360984531,3.00608318330483,0.00292824182217531,0.291885643171962,-3.99457514929592
"cg19149522",0.0457069907773603,0.0297095440052842,3.00565851827282,0.00293218307224387,0.292144739051483,-3.99580975846235
"cg06437840",0.048636587796241,0.0316137820675566,3.00419234599224,0.00294582786171686,0.292700468049183,-4.00007105074756
"cg09074113",0.0368989385069606,0.0239843100295243,2.99229570204865,0.00305871748986841,0.29860215136518,-4.03457622160773
"cg25753473",0.0462594999638124,0.0300686749764781,2.98893593566256,0.00309131037638772,0.300436727205181,-4.04429792687767
"cg20225999",0.0408074377383845,0.0265248345299499,2.98788157207886,0.00310160419813624,0.300637642775474,-4.04734670796232
"cg06417478",0.100323258952574,0.065210118319173,2.98401535197182,0.00313962003789956,0.303177774825775,-4.05851766670567
"cg24820672",0.0417278934186484,0.0271231307221215,2.97715176773201,0.00320816300961166,0.306861637606528,-4.0783160557637
"cg25052156",-0.0467190782462204,-0.0303674008600432,-2.96923687059299,0.00328890692548754,0.311031727922953,-4.10109445336272
"cg24346905",0.0353954704417817,0.023007055787158,2.96219846171481,0.00336226965592857,0.315095180411386,-4.12130307320904
"cg05991492",0.0454493974933798,0.0295421083706969,2.95177425215537,0.00347368103456123,0.320704139620008,-4.15115108151536
"cg17515347",-0.0383816501790303,-0.0249480726163697,-2.95143741073679,0.00347733686357795,0.320905568122476,-4.15211394004897
"cg18976044",0.0382729946704006,0.0248774465357604,2.95088821934632,0.00348330493930254,0.321320120883967,-4.1536835802305
"cg02018277",-0.0381496714329295,-0.0247972864314042,-2.94763304898365,0.00351887193391767,0.323231400849737,-4.16298158473239
"cg12016809",0.0599696509393325,0.0389802731105661,2.94189723553272,0.0035823533703458,0.325927993819552,-4.17934202435579
"cg23414861",0.0353258337020927,0.0229617919063602,2.94151928839361,0.00358657291082477,0.326147419668568,-4.18041901391359
"cg11938672",-0.0419370072070404,-0.0272590546845763,-2.93544662912321,0.00365499701610367,0.329045103791495,-4.19770587482948
"cg23737190",0.045816604207638,0.0297807927349647,2.9266427427945,0.00375631796447686,0.332787257563491,-4.22270860356883
"cg07700233",-0.0554226103236539,-0.036024696710375,-2.92507792500124,0.0037745935317216,0.333900451790245,-4.22714531479566
"cg05872129",-0.0353555694976525,-0.0229811201734741,-2.92340432580297,0.00379422952285163,0.334735257041693,-4.23188800808457
"cg16293892",-0.077777460496601,-0.0505553493227907,-2.9229786830996,0.00379923837713074,0.334869070944414,-4.23309380347873
"cg08083251",0.0500400685522589,0.0325260445589683,2.92174861661545,0.00381374748860636,0.335708490981857,-4.23657751740938
"cg18815398",0.0369251479698147,0.0240013461803796,2.91532718818956,0.00389031665413255,0.339066856087716,-4.25474169687883
"cg01412970",0.0465079048290106,0.0302301381388568,2.91438962507715,0.00390161298079986,0.339616611723363,-4.25739065092333
"cg26335602",0.0352303362185569,0.022899718542062,2.91363126649939,0.00391077206648467,0.340277809302043,-4.2595327069345
"cg01494348",-0.0363294991990833,-0.0236141744794041,-2.89969257151322,0.0040826548724125,0.347922548497834,-4.29881136781571
"cg12099423",-0.0516204259921588,-0.0335532768949032,-2.8996384601761,0.00408333537626075,0.347922548497834,-4.29896350925966
"cg00809820",0.047810633803759,0.0310769119724432,2.88326958913734,0.00429401044627907,0.359540797751905,-4.34486530596654
"cg01059398",-0.0421324561663436,-0.0273860965081234,-2.87467272502959,0.0044085851500808,0.364507780923885,-4.36887565679672
"cg01283332",0.0482239085440689,0.0313455405536448,2.8724396936841,0.00443879859564294,0.366171449136592,-4.37510138762354
"cg13694343",-0.0352335624878361,-0.0229018156170935,-2.86597346821014,0.00452735627053251,0.369417338866165,-4.39310386654849
"cg08010094",0.0592466792216961,0.0385103414941024,2.85847292699605,0.00463209510748538,0.374733223671337,-4.41393850644299
"cg14345882",0.0419508222205927,0.0272680344433853,2.85458649879139,0.00468722992534651,0.376952329053541,-4.42471398267417
"cg03181300",0.0502690561188264,0.0326748864772372,2.85206986805229,0.00472325032484515,0.378172708980798,-4.43168426550866
"cg06743703",0.0360117214071206,0.0234076189146284,2.85097071434725,0.00473906141601612,0.378344681379779,-4.43472677669841
"cg04657146",0.095915364964683,0.062344987227044,2.84112686489806,0.00488282694620354,0.384992127662957,-4.46192617495166
"cg22123784",0.0362099336074581,0.0235364568448477,2.84097171588376,0.00488512428085759,0.384992127662957,-4.4623541611423
"cg23320965",-0.0350745256987792,-0.0227984417042065,-2.83139322054363,0.00502887573512752,0.391975025971092,-4.4887345941194
"cg20415053",0.0632574255667597,0.0411173266183938,2.82733010378198,0.0050910081417662,0.39470080026551,-4.49989978472948
"cg22325292",0.0550569852475626,0.0357870404109157,2.81118266070029,0.00534489314199229,0.405290975787474,-4.54412367030256
"cg15132673",0.0394910649964328,0.0256691922476813,2.80822575053001,0.00539261201868143,0.407204868701681,-4.55219624170063
"cg16704958",-0.0430122204434553,-0.027957943288246,-2.80361114269399,0.00546785677251671,0.409183128696747,-4.56477855130322
"cg21827317",0.0352643438068039,0.0229218234744225,2.77678633437741,0.00592445477354117,0.424820093609984,-4.63753586400569
"cg03269218",-0.035461151239522,-0.0230497483056893,-2.77540311482957,0.00594891085246775,0.425454270175472,-4.64126981532577
"cg08471713",0.0378762059097843,0.0246195338413598,2.7730680223787,0.00599040435865258,0.427055696489353,-4.64756935503013
"cg18322025",-0.0502151111041618,-0.0326398222177051,-2.7711092340789,0.0060254133050409,0.428653901055178,-4.65284987830709
"cg03364486",0.0464268301862362,0.0301774396210535,2.76376396061782,0.00615835156631578,0.433594157822427,-4.67262018063631
"cg00321709",0.0566723061855069,0.0368369990205795,2.76258575541268,0.0061799209306107,0.433989931159339,-4.67578681891701
"cg08742575",0.0462224749381256,0.0300446087097817,2.75644545552197,0.00629344310746108,0.437531625554529,-4.69226947250195
"cg15436354",0.0644554725557893,0.0418960571612631,2.75226192298111,0.00637186678851436,0.440366793606215,-4.70347978311603
"cg14789911",-0.0410455301190538,-0.0266795945773849,-2.74875047284626,0.00643837367961138,0.442549957511536,-4.71287682572845
"cg10636246",-0.0390257662991334,-0.0253667480944367,-2.74699766664065,0.00647180643446369,0.444124790672169,-4.71756332189386
"cg11763394",0.0437791732911388,0.0284564626392403,2.74507667197364,0.00650862762132301,0.445715078062919,-4.72269628178316
"cg12622242",-0.038892036147049,-0.0252798234955818,-2.73152133665829,0.00677388905601354,0.455427933135932,-4.758820716562
"cg01097406",-0.0559970161673889,-0.0363980605088027,-2.73021613952899,0.00679993932572736,0.456095980182391,-4.76229014939396
"cg14079463",0.040511424032005,0.0263324256208033,2.71746993979477,0.00705914188013234,0.466821138306443,-4.7960897648033
"cg14701108",0.0358345342381801,0.0232924472548171,2.71286949625779,0.00715486587262641,0.470096907778711,-4.80825243099675
"cg10676327",0.0409155357035907,0.0265950982073339,2.70680711061011,0.00728279959241388,0.474361036162254,-4.82425058883072
"cg10923662",0.0369227834810345,0.0239998092626724,2.69110578414455,0.00762379941888068,0.486573184840318,-4.8655286093579
"cg17655970",0.0369387837509939,0.024010209438146,2.69007139579797,0.00764676192032353,0.487181758868725,-4.8682400314511
"cg24937136",-0.0427851588654268,-0.0278103532625275,-2.68327404671362,0.00779921523796547,0.493341597313851,-4.88603337830751
"cg05194426",0.0549671102343726,0.0357286216523423,2.66832203212797,0.00814424846277613,0.504123653780598,-4.92502390127549
"cg27572370",0.0425356125672207,0.0276481481686934,2.66273302194214,0.00827671051108704,0.507138816148225,-4.93954571586927
"cg23899408",0.0749833398363973,0.0487391708936583,2.66112601431929,0.00831515471229025,0.508112495429522,-4.94371586047391
"cg14280181",-0.0399770611785698,-0.0259850897660703,-2.64780106285392,0.00864016991691728,0.516205136568743,-4.97820234683187
"cg03847932",-0.0411639059681646,-0.0267565388793068,-2.64411227108616,0.00873214215624565,0.517606081619755,-4.98772050714488
"cg27046936",0.0395489049199388,0.0257067881979602,2.63396817293914,0.00898962004752042,0.526652390835629,-5.01383069794316
"cg22700015",-0.0396002754485814,-0.025740179041578,-2.63116124954022,0.00906206044579467,0.52748945429131,-5.02103879255435
"cg02331910",-0.0501319551084263,-0.0325857708204772,-2.62361238823984,0.00925948843893883,0.532637861841662,-5.04038805266055
"cg24647015",0.0448927761316694,0.0291803044855851,2.6142211035844,0.00951048871876516,0.538754461117662,-5.06438654763568
"cg09561830",-0.0472909497262987,-0.0307391173220941,-2.60854668488106,0.00966509150984115,0.543552162669186,-5.07884756930809
"cg08779649",-0.0913910728645253,-0.0594041973619414,-2.60054750987602,0.00988686279777018,0.548654099177815,-5.0991827123479
"cg18566515",-0.0481069583063738,-0.031269522899143,-2.59846501448867,0.00994534193815812,0.55021624903101,-5.10446705628809
