"X","logFC","AveExpr","t","P.Value","adj.P.Val","B"
"cg26037602",0.151722989958353,0.101148659972235,4.53939299863104,3.80475244628625e-05,0.873414223378607,1.21221872289595
"cg21834679",0.0432939526475792,0.0288626350983862,4.14786886238496,0.000136414254319678,0.873414223378607,-0.0277347467884779
"cg17222645",-0.0465712974535494,-0.0310475316356996,-4.08800857273071,0.000165201211684399,0.873414223378607,-0.212840066084346
"cg12812068",0.0699303402669426,0.0466202268446283,4.0855503496136,0.000166501430142316,0.873414223378607,-0.220414126081355
"cg26880735",0.142268754682816,0.0948458364552109,4.08462059117461,0.000166995786261715,0.873414223378607,-0.223278244468038
"cg16588073",-0.0368042624179294,-0.0245361749452863,-4.05849547681366,0.000181483395174091,0.873414223378607,-0.30362776244428
"cg00543460",0.0967030210782349,0.0644686807188233,4.02862157482919,0.000199544739360686,0.873414223378607,-0.39519901050085
"cg01778647",0.0402811646953921,0.0268541097969281,3.98300412953931,0.00023052702914582,0.873414223378607,-0.534383363895805
"cg12866229",0.0808511696084117,0.053900779738941,3.95210808649466,0.00025410322080528,0.873414223378607,-0.628200200277287
"cg26006951",0.0666286276567526,0.0444190851045016,3.89214464559734,0.000306686465757635,0.873414223378607,-0.809218434542045
"cg24980413",0.0684295062060277,0.0456196708040185,3.86153638235365,0.000337433483103328,0.873414223378607,-0.901067331305899
"cg15732107",0.105025951904611,0.0700173012697409,3.85387213879523,0.000345586153602116,0.873414223378607,-0.924006792176023
"cg24384918",0.108453379418429,0.0723022529456191,3.817163554206,0.000387340885876037,0.873414223378607,-1.03354407892878
"cg09570958",0.0706309996258998,0.0470873330839332,3.80943898418513,0.000396726688616153,0.873414223378607,-1.05652313358321
"cg20583945",0.17643053151037,0.117620354340247,3.79565027039838,0.000414028085441816,0.873414223378607,-1.09748002559334
"cg26821137",0.0591909932328324,0.0394606621552216,3.77887493798199,0.000436057912083259,0.873414223378607,-1.14720069871908
"cg23696210",0.0956716067399151,0.0637810711599434,3.75019692293855,0.00047635653483444,0.873414223378607,-1.23192423461225
"cg03989617",0.0432359811590283,0.0288239874393522,3.73688540635067,0.000496257343787771,0.873414223378607,-1.27113117785833
"cg19964348",0.0757937968537093,0.0505291979024729,3.73453740010834,0.000499849579347399,0.873414223378607,-1.2780389522444
"cg13614181",0.0544842225536275,0.0363228150357517,3.72280587741061,0.000518175432728484,0.873414223378607,-1.31251714128779
"cg24760414",0.049986290065272,0.033324193376848,3.71355631837204,0.00053307774912611,0.873414223378607,-1.33965896082806
"cg25629768",-0.0517901513529671,-0.0345267675686447,-3.70274278847004,0.000551022127987625,0.873414223378607,-1.37134285492751
"cg13851904",0.0605069427141102,0.0403379618094068,3.69027055674236,0.000572439691655011,0.873414223378607,-1.40782324653842
"cg06106242",0.0589607667223234,0.0393071778148822,3.67761579304153,0.000594986526560346,0.873414223378607,-1.44476758265014
"cg19412295",0.062536689980539,0.0416911266536927,3.67323692777407,0.000602984959344907,0.873414223378607,-1.45753476656798
"cg16119505",0.0771304984881607,0.0514203323254404,3.6528327244932,0.000641635605954705,0.873414223378607,-1.51691364844098
"cg09743437",0.0836563193606629,0.0557708795737752,3.65105118182253,0.000645120857393869,0.873414223378607,-1.52208934983156
"cg00313876",0.041202953048479,0.0274686353656527,3.64410938856435,0.000658875152094215,0.873414223378607,-1.54224293450784
"cg11723801",0.0520593274438242,0.0347062182958828,3.63548960957537,0.000676345774090844,0.873414223378607,-1.56723794783735
"cg01459854",0.0700126573507292,0.0466751049004862,3.63134746215579,0.000684898248784921,0.873414223378607,-1.5792371348073
"cg06706159",-0.0553327271131876,-0.0368884847421251,-3.62837688990777,0.000691095443047583,0.873414223378607,-1.58783766918538
"cg10299976",0.0690064833514409,0.0460043222342939,3.62740649707263,0.000693131491536966,0.873414223378607,-1.59064632921153
"cg01572513",0.085263289066031,0.0568421927106873,3.624877088315,0.000698465675812178,0.873414223378607,-1.59796532849989
"cg27393726",0.0550539011928858,0.0367026007952572,3.61930249307074,0.000710360980443833,0.873414223378607,-1.61408551996191
"cg11736228",0.0508617336024126,0.0339078224016084,3.6190173761201,0.000710974563543069,0.873414223378607,-1.61490962029528
"cg04704294",-0.0696844671122763,-0.0464563114081842,-3.61855781290892,0.000711964630976624,0.873414223378607,-1.61623786130522
"cg22905866",0.0729460794050058,0.0486307196033372,3.61081201752481,0.000728851988879676,0.873414223378607,-1.63861049303523
"cg21333217",-0.0350799182582767,-0.0233866121721844,-3.5913714764978,0.000772942681884351,0.873414223378607,-1.69464101104201
"cg20059151",0.0457773604261814,0.0305182402841209,3.56845496865027,0.000828197729601146,0.873414223378607,-1.7604663944555
"cg24754199",-0.0366235942956848,-0.0244157295304566,-3.56003960377747,0.000849421550113361,0.873414223378607,-1.78457755489731
"cg11248682",0.0357434182467728,0.0238289454978485,3.55999521022131,0.000849534879319768,0.873414223378607,-1.78470466096806
"cg11738543",0.036200007718882,0.0241333384792547,3.55470691890835,0.000863138936846564,0.873414223378607,-1.79983932861485
"cg12011479",-0.0372536239957534,-0.0248357493305023,-3.55269907256287,0.000868358451759748,0.873414223378607,-1.80558220159691
"cg20518511",0.0387705401735365,0.0258470267823577,3.5503520318804,0.000874497979294011,0.873414223378607,-1.81229285180537
"cg16261091",0.0384688274280552,0.0256458849520369,3.52984049280271,0.000929948137823554,0.873414223378607,-1.87082926101308
"cg10040866",0.0563224883081865,0.037548325538791,3.52319606057657,0.000948619780057693,0.873414223378607,-1.88974877278467
"cg07894334",-0.0712383586958526,-0.0474922391305683,-3.52015764903284,0.00095727689937788,0.873414223378607,-1.89839344748119
"cg06830044",0.0432748760844439,0.0288499173896293,3.50765166867779,0.000993710170839461,0.873414223378607,-1.93392838345864
"cg07451370",0.0765599534002755,0.0510399689335169,3.49609358909273,0.00102855602776732,0.873414223378607,-1.96670356174839
"cg11076954",0.15329620565187,0.10219747043458,3.49177519077986,0.00104187216999733,0.873414223378607,-1.97893279376443
"cg03234777",0.0400522063626203,0.0267014709084136,3.48950009557047,0.00104895361754851,0.873414223378607,-1.98537201169535
"cg14321941",0.054902709760703,0.0366018065071352,3.48553524662666,0.00106140446422232,0.873414223378607,-1.99658780008587
"cg07978738",0.0382408339069567,0.0254938892713045,3.48511629504891,0.00106272830669741,0.873414223378607,-1.99777249059126
"cg13719443",0.0476217329683461,0.0317478219788974,3.4818557194505,0.00107308534619957,0.873414223378607,-2.0069896927231
"cg00418150",0.0390388263755564,0.0260258842503709,3.47996886191427,0.00107912275136885,0.873414223378607,-2.01232123838608
"cg17668274",0.0391002772538079,0.0260668515025386,3.47965347483989,0.00108013505497911,0.873414223378607,-2.01321223527222
"cg27518898",0.0639294454289636,0.0426196302859757,3.47608929783817,0.00109163819270212,0.873414223378607,-2.02327801517856
"cg02343736",0.0703199311393575,0.046879954092905,3.47503150606614,0.00109507456427657,0.873414223378607,-2.02626419844283
"cg22215728",0.0460544880879798,0.0307029920586532,3.470636269338,0.0011094638469916,0.873414223378607,-2.03866630313777
"cg00017489",0.0714949481142637,0.0476632987428424,3.46584348850348,0.00112536005124382,0.873414223378607,-2.05217948679438
"cg05876824",0.0399748959547317,0.0266499306364877,3.46448023444318,0.00112992106959242,0.873414223378607,-2.05602112613834
"cg03408904",0.0655146840620656,0.0436764560413771,3.45658626355923,0.00115668021449971,0.873414223378607,-2.07824849423772
"cg11698888",-0.0471883876371463,-0.0314589250914309,-3.45617034275673,0.00115810673137158,0.873414223378607,-2.07941877688716
"cg05012661",0.0675170001295661,0.0450113334197107,3.4498693081474,0.00117992405837527,0.873414223378607,-2.09713775966743
"cg22014398",0.0441079176605699,0.0294052784403799,3.43866092030904,0.00121970433598459,0.873414223378607,-2.12860855059234
"cg17445812",0.0533441157360801,0.0355627438240534,3.41738315310663,0.00129876247414429,0.873414223378607,-2.18818190945342
"cg23613857",0.0483736169107154,0.0322490779404769,3.41402510915888,0.00131167659095515,0.873414223378607,-2.19756327564188
"cg11133963",-0.0358696094067106,-0.0239130729378071,-3.40111803127366,0.00136246017875456,0.873414223378607,-2.23356956962743
"cg12699371",0.0366829712763112,0.0244553141842075,3.39998676740958,0.00136699925473792,0.873414223378607,-2.23672144670166
"cg16732901",0.0356086046985296,0.0237390697990197,3.3990874712203,0.00137061784289758,0.873414223378607,-2.23922656960661
"cg00961415",0.039390991555026,0.0262606610366839,3.39692648359808,0.00137935051056759,0.873414223378607,-2.24524466817833
"cg13288545",0.0875316847014417,0.0583544564676278,3.39668441596869,0.0013803320080082,0.873414223378607,-2.24591865284331
"cg23690350",0.0445916217720314,0.0297277478480209,3.39249305967296,0.00139743212800239,0.873414223378607,-2.25758392196976
"cg03294491",0.0560741618335955,0.0373827745557303,3.39214834197806,0.00139884745511415,0.873414223378607,-2.25854293927833
"cg13588354",0.0840233246105181,0.0560155497403454,3.37663220820551,0.00146398308621457,0.873414223378607,-2.30164758546353
"cg13754720",0.0636060528984647,0.0424040352656431,3.37530481813697,0.00146968725975237,0.873414223378607,-2.3053295170952
"cg21580428",0.0384654425795456,0.0256436283863637,3.36191774464845,0.00152840814471285,0.873414223378607,-2.34241295431733
"cg10271192",0.0464042523832647,0.0309361682555098,3.36179088306667,0.00152897512428785,0.873414223378607,-2.34276393837937
"cg16240781",0.0608101243821457,0.0405400829214305,3.36074733578947,0.00153364661255377,0.873414223378607,-2.34565077871511
"cg25935697",-0.0572986856501384,-0.0381991237667589,-3.35933560866522,0.00153998785236674,0.873414223378607,-2.34955526144458
"cg09214412",0.0710143234720555,0.0473428823147037,3.35706818885008,0.00155022486222799,0.873414223378607,-2.35582425560611
"cg10436333",0.10271305960865,0.068475373072433,3.3546658395232,0.00156114154594354,0.873414223378607,-2.36246345188026
"cg01710351",0.0361201922375805,0.024080128158387,3.34804759022375,0.00159159479631566,0.873414223378607,-2.38073861534183
"cg25420482",0.0765683050875852,0.0510455367250568,3.34360049066,0.00161237358301806,0.873414223378607,-2.39300596351911
"cg26069068",0.0502825430539584,0.0335216953693056,3.34338140832218,0.00161340385729307,0.873414223378607,-2.39361004207213
"cg08897044",0.0453511475414713,0.0302340983609809,3.34318626562749,0.00161432207720455,0.873414223378607,-2.39414809086675
"cg03830061",0.0464052463676703,0.0309368309117802,3.33524569706821,0.00165210897057294,0.873414223378607,-2.41602534167175
"cg04103021",0.0609977619290447,0.0406651746193631,3.32729689904411,0.00169077458824852,0.873414223378607,-2.43789285765591
"cg12962191",0.0602966127903862,0.0401977418602575,3.31851962275966,0.00173446696258125,0.873414223378607,-2.46200175897445
"cg01267797",0.0625350067858994,0.0416900045239329,3.31718936037182,0.00174118158140948,0.873414223378607,-2.4656521745024
"cg18828619",0.0455336782482044,0.0303557854988029,3.31663765550504,0.00174397358590797,0.873414223378607,-2.46716585709549
"cg01928078",0.043134191661864,0.0287561277745759,3.31656764981817,0.00174432816598188,0.873414223378607,-2.46735791663328
"cg14011327",0.0377874779812286,0.0251916519874857,3.31586578342682,0.00174788691217922,0.873414223378607,-2.46928333632308
"cg13572309",0.0450834370128076,0.0300556246752051,3.313821720418,0.00175829039693606,0.873414223378607,-2.47488933221295
"cg15670620",0.0405750979252473,0.0270500652834982,3.31261330892857,0.00176446832479607,0.873414223378607,-2.47820247398629
"cg17245125",0.0413462429904051,0.0275641619936034,3.30842092616646,0.00178606154057701,0.873414223378607,-2.48969100242661
"cg02243630",0.0616682508814421,0.0411121672542947,3.30350996254191,0.00181167442052915,0.873414223378607,-2.50313708368554
"cg19716643",-0.0477248826657852,-0.0318165884438567,-3.30264285773495,0.00181623276607049,0.873414223378607,-2.5055098908246
"cg26275470",0.0395100025612675,0.0263400017075116,3.30014232841684,0.00182943892128197,0.873414223378607,-2.51235032660908
"cg10783371",0.0362794521179984,0.0241863014119989,3.29755843401211,0.00184318091826066,0.873414223378607,-2.51941539589941
"cg07458272",0.046294994387499,0.0308633295916659,3.29706748628584,0.00184580297195508,0.873414223378607,-2.52075738713334
"cg22046201",0.0519445385117326,0.034629692341155,3.29449869948616,0.00185958006891571,0.873414223378607,-2.52777704168534
"cg02452966",-0.109172868887671,-0.0727819125917807,-3.29229650864115,0.0018714685162581,0.873414223378607,-2.53379216846306
"cg13163919",0.0501547342545598,0.0334364895030398,3.29129432364437,0.00187690258126324,0.873414223378607,-2.53652872668919
"cg01328806",0.0400841154597456,0.0267227436398304,3.29077602313176,0.00187971877974942,0.873414223378607,-2.53794378801837
"cg14230238",0.0443102269424959,0.0295401512949972,3.29009499118935,0.00188342526872682,0.873414223378607,-2.53980292442812
"cg08838842",-0.0499812809536432,-0.0333208539690954,-3.28769055701728,0.00189656674695606,0.873414223378607,-2.54636480512352
"cg18875496",0.0563567450236152,0.0375711633490768,3.28678779157858,0.00190152321543935,0.873414223378607,-2.54882773863682
"cg26643476",0.0418688810152589,0.0279125873435058,3.28368644202665,0.00191864423330243,0.873414223378607,-2.55728562009029
"cg21498785",-0.0398961504330442,-0.0265974336220295,-3.28176740920338,0.00192931126756278,0.873414223378607,-2.5625166087139
"cg09225287",0.0584844190883093,0.0389896127255395,3.28057190986858,0.0019359848696811,0.873414223378607,-2.56577437992337
"cg11883141",-0.0373054415619897,-0.0248702943746598,-3.27670421285336,0.00195772546168584,0.873414223378607,-2.57630882969539
"cg11271329",0.0382699516519844,0.0255133011013229,3.27635465393909,0.00195970170444474,0.873414223378607,-2.5772605364405
"cg03644587",0.0489497936270249,0.0326331957513499,3.27561943723389,0.00196386444127495,0.873414223378607,-2.57926202288302
"cg00543073",0.0616174410359251,0.0410782940239501,3.2694107432275,0.00199935289020484,0.873414223378607,-2.59615265961289
"cg11282657",-0.0483569850502434,-0.0322379900334956,-3.26763903319946,0.00200959064430731,0.873414223378607,-2.60096883994408
"cg18247172",-0.0440218489918866,-0.0293478993279243,-3.26669325927104,0.00201507605105014,0.873414223378607,-2.60353913473855
"cg13728287",0.0741620478254878,0.0494413652169919,3.26376541547089,0.0020321472569461,0.873414223378607,-2.61149303456263
"cg04765277",0.0562878722066271,0.0375252481377514,3.26090124049262,0.00204897957935739,0.873414223378607,-2.61926958733467
"cg00595030",0.0690627387635121,0.0460418258423414,3.26074625295714,0.00204989416945546,0.873414223378607,-2.6196902719925
"cg19165640",0.0465068369541404,0.0310045579694269,3.25851107639841,0.00206312709633117,0.873414223378607,-2.6257558272243
"cg22660171",0.0611208791251812,0.0407472527501208,3.25678776158897,0.00207338477502944,0.873414223378607,-2.63043054766237
"cg22291365",-0.052406872632528,-0.034937915088352,-3.2559357262699,0.00207847414591603,0.873414223378607,-2.63274122556179
"cg06764804",0.0502611821245037,0.0335074547496691,3.25488371207876,0.00208477433236314,0.873414223378607,-2.63559370557923
"cg12160741",0.0547173882166419,0.0364782588110946,3.25102793193762,0.00210802017056943,0.873414223378607,-2.64604342857412
"cg09527886",0.0400862562909681,0.0267241708606454,3.24979341147228,0.00211551454465556,0.873414223378607,-2.64938749023886
"cg14847243",0.0460210325500859,0.0306806883667239,3.24927915129286,0.00211864388002501,0.873414223378607,-2.65078027629409
"cg12942320",0.0592689348634349,0.0395126232422899,3.2492245050062,0.00211897666646295,0.873414223378607,-2.65092826819
"cg22034735",-0.0919864479436402,-0.0613242986290935,-3.24905203068324,0.00212002732952144,0.873414223378607,-2.65139534902744
"cg03800141",0.0412673396444704,0.0275115597629803,3.24485466954037,0.00214574881462403,0.873414223378607,-2.66275742294065
"cg24682551",0.0375700766631587,0.0250467177754391,3.24298483622867,0.00215730192910877,0.873414223378607,-2.66781596207106
"cg14270725",0.0769341369488429,0.0512894246325619,3.24287814903558,0.00215796288620118,0.873414223378607,-2.66810453129814
"cg24247537",0.0462415723734512,0.0308277149156341,3.24037258896255,0.00217354069003401,0.873414223378607,-2.67487986647203
"cg17766305",0.0742041039623216,0.0494694026415476,3.23544571772141,0.00220448304356064,0.873414223378607,-2.68819295170916
"cg05976481",0.0541184682321456,0.0360789788214304,3.23357094045048,0.00221636624148269,0.873414223378607,-2.69325545336548
"cg08641990",0.0487253074115653,0.0324835382743768,3.22749149706378,0.00225531833000566,0.873414223378607,-2.70965897148911
"cg10632728",0.0589443323997117,0.0392962215998078,3.22298887478446,0.00228458340789567,0.873414223378607,-2.7217951547415
"cg14853772",0.0629035600174561,0.0419357066783041,3.22188109174604,0.0022918383046038,0.873414223378607,-2.72477935995781
"cg21985690",0.0712484430293214,0.0474989620195476,3.22000247987231,0.00230419114596159,0.873414223378607,-2.72983855823173
"cg26749518",-0.124438622616672,-0.0829590817444482,-3.21587227809923,0.00233157082023403,0.873414223378607,-2.74095473159757
"cg20648149",0.059216640775904,0.0394777605172693,3.21061537937455,0.00236686404619406,0.873414223378607,-2.75509005108139
"cg16013543",0.0392030514921321,0.0261353676614214,3.2098361628821,0.00237213819877411,0.873414223378607,-2.7571840248275
"cg25353450",0.0569001139181523,0.0379334092787682,3.20690523324902,0.00239207582025093,0.873414223378607,-2.76505732141275
"cg24137511",-0.0373416493661983,-0.0248944329107989,-3.20688074808749,0.00239224304471316,0.873414223378607,-2.76512307586125
"cg01257889",0.081663309275561,0.0544422061837073,3.20449625989782,0.00240858117635311,0.873414223378607,-2.77152502246855
"cg16411883",0.0361496905824999,0.0240997937216666,3.20232565682324,0.00242354532916553,0.873414223378607,-2.77735005020203
"cg11955198",0.058786085545408,0.0391907236969387,3.20205178502922,0.0024254396255098,0.873414223378607,-2.778084831066
"cg14458575",0.0792433170943324,0.0528288780628882,3.20131256081983,0.00243055961628205,0.873414223378607,-2.78006792058216
"cg08905399",0.0495261928092406,0.033017461872827,3.20029766305694,0.00243760558623209,0.873414223378607,-2.78279006734416
"cg27631599",0.0627689829779129,0.041845988651942,3.19979931604905,0.00244107243365009,0.873414223378607,-2.78412652353974
"cg19535609",0.0596294910032738,0.0397529940021825,3.19876493773782,0.00244828314486462,0.873414223378607,-2.78690006731555
"cg03786043",0.0813899174523589,0.0542599449682393,3.19841171850214,0.00245075005722334,0.873414223378607,-2.78784704349615
"cg14084689",0.0394096387137315,0.026273092475821,3.1975991754129,0.0024564338328135,0.873414223378607,-2.79002520418576
"cg22445712",0.065874818431006,0.0439165456206707,3.19538875650994,0.00247195882437964,0.873414223378607,-2.79594879787891
"cg25928986",-0.0516708076834657,-0.0344472051223105,-3.19478687930569,0.00247620214990369,0.873414223378607,-2.79756127995078
"cg00232402",0.0463199097288044,0.030879939819203,3.19233530430069,0.00249355723819741,0.873414223378607,-2.80412723296431
"cg08971667",0.044526895182002,0.0296845967880013,3.19210840225242,0.00249516930298121,0.873414223378607,-2.80473477035247
"cg12302982",-0.121436826568622,-0.0809578843790816,-3.1897251459471,0.00251216106341465,0.873414223378607,-2.81111432342403
"cg24834921",0.062681352223119,0.041787568148746,3.18924175177237,0.00251562077929048,0.873414223378607,-2.81240790681679
"cg05003322",0.0398169508942565,0.0265446339295043,3.18777143418663,0.00252617168357323,0.873414223378607,-2.81634175773255
"cg15292446",0.0616225422188688,0.0410816948125792,3.1838414211086,0.00255457846739974,0.873414223378607,-2.82685077237632
"cg01439112",0.0359239776398328,0.0239493184265552,3.183437769089,0.00255751313062109,0.873414223378607,-2.82792967762036
"cg24921961",0.0782166664893694,0.0521444443262462,3.18298545790767,0.002560805336933,0.873414223378607,-2.82913853641867
"cg05658236",0.0640994384574493,0.0427329589716329,3.18061693712312,0.00257811028565681,0.873414223378607,-2.83546688513954
"cg20826576",0.0743235387079878,0.0495490258053251,3.18060717435765,0.00257818184229927,0.873414223378607,-2.83549296351668
"cg25307665",-0.111075305962322,-0.0740502039748811,-3.17901299794215,0.00258989158678907,0.873414223378607,-2.83975064221653
"cg19298774",0.0438012678757089,0.0292008452504726,3.17875728487171,0.00259177454325399,0.873414223378607,-2.84043346386212
"cg22103164",-0.077170714765695,-0.05144714317713,-3.17314689330471,0.00263341322123963,0.873414223378607,-2.85540569977133
"cg27208925",0.0518754228422817,0.0345836152281878,3.17031183477957,0.0026546932671478,0.873414223378607,-2.86296495918366
"cg04811205",0.0409389784013884,0.0272926522675922,3.16959100514953,0.0026601296261365,0.873414223378607,-2.86488624130107
"cg00106345",0.113514852582065,0.0756765683880431,3.16640702681448,0.00268426835822069,0.873414223378607,-2.87336933201954
"cg25925210",0.0887823344386597,0.0591882229591064,3.16462485012115,0.00269786955231664,0.873414223378607,-2.87811516629659
"cg06005844",0.0461287954652519,0.0307525303101679,3.1624216668037,0.00271477355175586,0.873414223378607,-2.88397970531874
"cg15975802",0.0423170210882648,0.0282113473921765,3.16139038703184,0.00272272032570656,0.873414223378607,-2.88672389848214
"cg02987906",0.0788840689228679,0.0525893792819119,3.15912322828482,0.00274026758166053,0.873414223378607,-2.89275465809341
"cg19247475",0.0779066278108252,0.0519377518738835,3.15872521719972,0.00274335906310681,0.873414223378607,-2.89381309628337
"cg04108360",0.0488729916579327,0.0325819944386217,3.15741439202757,0.00275356391456502,0.873414223378607,-2.89729838103841
"cg12162353",0.0406744299721124,0.0271162866480749,3.154932405872,0.00277298435452413,0.873414223378607,-2.90389501156554
"cg09164913",0.0551046938132307,0.0367364625421537,3.15480155590809,0.00277401176919644,0.873414223378607,-2.90424269078044
"cg21687740",-0.0990610274093343,-0.0660406849395561,-3.15208583179098,0.00279541635119308,0.873414223378607,-2.91145646314344
"cg08414643",0.0702608104129775,0.0468405402753183,3.14917424340666,0.00281853741450718,0.873414223378607,-2.91918598728238
"cg24107728",-0.052863239632415,-0.0352421597549433,-3.14857766994671,0.00282329700996663,0.873414223378607,-2.9207691594831
"cg14814062",0.0630668994919539,0.0420445996613026,3.14857436188603,0.0028233234234973,0.873414223378607,-2.92077793778602
"cg08694699",0.0389725902656823,0.0259817268437882,3.14600539423446,0.00284390600004871,0.873414223378607,-2.92759314920667
"cg17861836",0.050905283433366,0.033936855622244,3.14230259953334,0.00287382150519951,0.873414223378607,-2.93740986379485
"cg12173150",-0.0835336833987788,-0.0556891222658525,-3.14221250312427,0.00287455308805577,0.873414223378607,-2.93764862949056
"cg14153321",0.0414983478252141,0.0276655652168094,3.14171937723114,0.00287856037730804,0.873414223378607,-2.9389553893166
"cg17931986",0.0486703621826818,0.0324469081217878,3.14124978868402,0.00288238128295804,0.873414223378607,-2.94019965104194
"cg01483119",0.0376432828516713,0.0250955219011141,3.14110003823143,0.0028836007626035,0.873414223378607,-2.94059641686532
"cg00689340",0.0602441929591879,0.0401627953061253,3.14063575621747,0.00288738469026886,0.873414223378607,-2.94182645924185
"cg22375689",-0.0640720227324683,-0.0427146818216455,-3.13813754823514,0.00290782561005708,0.873414223378607,-2.94844301730584
"cg04968806",-0.0511363011298374,-0.0340908674198916,-3.13429394314388,0.00293954105273935,0.873414223378607,-2.95861612399184
"cg07659054",0.082331813981727,0.054887875987818,3.1322511203752,0.00295652957870432,0.873414223378607,-2.96401964820492
"cg06430632",0.0601974027159499,0.0401316018106333,3.13108689742009,0.00296625277829513,0.873414223378607,-2.96709812669812
"cg09549073",-0.089108797602271,-0.0594058650681806,-3.12988880961079,0.00297629021472644,0.873414223378607,-2.97026536433954
"cg03077331",0.0612252628220843,0.0408168418813895,3.12954612616106,0.00297916704809194,0.873414223378607,-2.97117112754494
"cg00085493",0.0444240227358123,0.0296160151572082,3.12547087123895,0.00301358004329593,0.873414223378607,-2.98193761631765
"cg11789681",0.0423435561288304,0.0282290374192202,3.12375415905127,0.00302818826131432,0.873414223378607,-2.98647025729995
"cg02935298",0.0565440231030355,0.0376960154020236,3.1227622465794,0.00303665919268844,0.873414223378607,-2.98908845758611
"cg00779924",0.0360325670695166,0.0240217113796777,3.12175931227465,0.00304524690851216,0.873414223378607,-2.99173519209159
"cg23474890",-0.0465579058014293,-0.0310386038676196,-3.11989900810371,0.00306123644341894,0.873414223378607,-2.99664303041478
"cg00988037",0.0411720402369266,0.0274480268246177,3.11750581891109,0.0030819223267291,0.873414223378607,-3.00295387680585
"cg04734712",0.0385468659876522,0.0256979106584348,3.11141278236145,0.00313518329312996,0.873414223378607,-3.01900676250978
"cg25887844",0.0499447960950008,0.0332965307300005,3.10889721802827,0.00315742394282483,0.873414223378607,-3.02562827120851
"cg20169576",0.0790885578200557,0.0527257052133705,3.1072635115349,0.00317194724069536,0.873414223378607,-3.02992663770262
"cg20740845",0.0424953976414083,0.0283302650942721,3.1060263626981,0.00318298698049174,0.873414223378607,-3.03318064327203
"cg00305193",0.0404821739899327,0.0269881159932885,3.10564382189916,0.00318640789957551,0.873414223378607,-3.03418664558344
"cg18318552",-0.0400157370267513,-0.0266771580178341,-3.10460880531639,0.00319568099627934,0.873414223378607,-3.03690811053434
"cg03325931",0.0597009012820942,0.0398006008547295,3.1041794571091,0.0031995351236059,0.873414223378607,-3.03803685884275
"cg07429146",0.0751703035712343,0.0501135357141562,3.10270557033071,0.00321279901761407,0.873414223378607,-3.04191089063621
"cg13661182",0.0365380077090548,0.0243586718060366,3.10207793073516,0.00321846298401208,0.873414223378607,-3.0435602364709
"cg04996089",0.0576333271231648,0.0384222180821098,3.10202772423535,0.00321891646428936,0.873414223378607,-3.04369216229776
"cg20092736",0.0564237876355564,0.0376158584237042,3.09693729935908,0.00326520765485925,0.873414223378607,-3.05706072335217
"cg26364871",0.0485624266537123,0.0323749511024748,3.09347857388183,0.00329701660605787,0.873414223378607,-3.06613575431748
"cg20047561",0.0380717246740862,0.0253811497827241,3.09191990131414,0.00331144623501611,0.873414223378607,-3.07022320481542
"cg15978778",0.0378518157519385,0.0252345438346257,3.09027617226308,0.00332672753577202,0.873414223378607,-3.07453222014809
"cg00495988",-0.0859115782006262,-0.0572743854670842,-3.0883402888782,0.00334480984851569,0.873414223378607,-3.07960515610951
"cg06881093",0.058960865453992,0.0393072436359947,3.08761499131762,0.00335160830165232,0.873414223378607,-3.08150523520883
"cg25685062",0.0870922813048963,0.0580615208699309,3.08741283349663,0.0033535055048065,0.873414223378607,-3.08203477977983
"cg02770061",-0.0971295547059999,-0.0647530364706665,-3.08701197212094,0.00335727047664723,0.873414223378607,-3.08308475221999
"cg11833861",0.0374133236234251,0.0249422157489501,3.08222461333508,0.00340254216792183,0.873414223378607,-3.09561720469607
"cg05011836",0.0773395942708092,0.0515597295138728,3.08067362497326,0.00341733160341693,0.873414223378607,-3.09967463054976
"cg23282441",0.0506582835638504,0.033772189042567,3.07933198303756,0.00343017347764931,0.873414223378607,-3.10318330006305
"cg26121931",-0.153896563878007,-0.102597709252005,-3.07832892637998,0.00343980407574416,0.873414223378607,-3.10580583212187
"cg24023258",0.0378825996010704,0.0252550664007136,3.07772667424562,0.00344559863805844,0.873414223378607,-3.10738017017147
"cg08031958",0.0882325242246998,0.0588216828164664,3.07712380591722,0.00345140830491413,0.873414223378607,-3.10895591271995
"cg12941249",-0.0652097310160962,-0.0434731540107308,-3.07525945967603,0.0034694327042644,0.873414223378607,-3.1138275271376
"cg18005901",-0.0365805935305391,-0.0243870623536927,-3.07366920970555,0.00348487693655974,0.873414223378607,-3.11798135535518
"cg19749916",0.074989657748439,0.049993105165626,3.06924917534216,0.00352814311969416,0.873414223378607,-3.12951919293825
"cg06011086",0.0508250943299118,0.0338833962199412,3.0688060650787,0.0035325082600536,0.873414223378607,-3.13067525240742
"cg12028740",0.0598631453615169,0.0399087635743447,3.06805022717723,0.00353996581954894,0.873414223378607,-3.13264694937418
"cg23234847",-0.0751897861882669,-0.0501265241255113,-3.06795807493301,0.00354087605962094,0.873414223378607,-3.13288731767282
"cg21261158",-0.0557603983684472,-0.0371735989122981,-3.06758046953967,0.00354460817663299,0.873414223378607,-3.13387220641058
"cg04603130",0.0823039031266031,0.0548692687510687,3.06715602545376,0.00354880763627454,0.873414223378607,-3.13497916507498
"cg00819078",0.0526863966969197,0.035124264464613,3.06683533180413,0.00355198368204226,0.873414223378607,-3.13581547240879
"cg06117093",0.0503253841855702,0.0335502561237135,3.06683293232486,0.00355200745575388,0.873414223378607,-3.13582172956801
"cg13032702",0.0507892937724441,0.0338595291816294,3.06617921682592,0.00355848994283672,0.873414223378607,-3.13752631130344
"cg01735398",0.0503174627985961,0.0335449751990641,3.06300326538484,0.00359014211498044,0.873414223378607,-3.14580422537961
"cg02015909",0.0357017652627752,0.0238011768418501,3.06265508371474,0.00359362818210424,0.873414223378607,-3.1467113884045
"cg23936031",-0.092615749025388,-0.061743832683592,-3.06212882799212,0.00359890319045033,0.873414223378607,-3.14808237953277
"cg05193538",0.0447382953724934,0.0298255302483289,3.05899408205617,0.00363047560241297,0.873414223378607,-3.15624567969961
"cg06719901",0.0695002112016662,0.0463334741344441,3.05616467371938,0.00365919559627075,0.873414223378607,-3.16360901468168
"cg08202754",0.0969592162206248,0.0646394774804165,3.05582877356612,0.0036626192735786,0.873414223378607,-3.16448286681896
"cg15451980",-0.0401806400389702,-0.0267870933593135,-3.05548504826599,0.00366612581847617,0.873414223378607,-3.1653770093844
"cg08170427",0.0622966296950192,0.0415310864633461,3.05501875426217,0.00367088779127284,0.873414223378607,-3.16658988532036
"cg05076221",-0.0871453047715153,-0.0580968698476768,-3.05128223485704,0.00370925653688903,0.873414223378607,-3.17630443592053
"cg24170085",0.0532553377571374,0.0355035585047583,3.05127062244084,0.00370937636383984,0.873414223378607,-3.1763346144845
"cg23279538",0.041315282462818,0.0275435216418786,3.0501383182606,0.00372107790236486,0.873414223378607,-3.1792768962376
"cg05294813",-0.0987243467430758,-0.0658162311620505,-3.04830069479707,0.0037401420809811,0.873414223378607,-3.18405037766883
"cg03870261",-0.0429865001872272,-0.0286576667914848,-3.04810464650172,0.00374218135387946,0.873414223378607,-3.18455952583063
"cg02978140",0.0848289446177731,0.0565526297451821,3.04806659242488,0.00374257730898915,0.873414223378607,-3.18465835179503
"cg08979895",0.0447311129998102,0.0298207419998734,3.04650964356994,0.00375881117530527,0.873414223378607,-3.18870101549622
"cg17646820",0.0718098141220149,0.0478732094146766,3.04586905266505,0.00376550958104704,0.873414223378607,-3.19036392435177
"cg09396217",0.0414948519265575,0.027663234617705,3.04367094054925,0.00378857952861238,0.873414223378607,-3.19606820660924
"cg17620199",0.0515607504876484,0.0343738336584323,3.043667659275,0.00378861406552635,0.873414223378607,-3.19607671970986
"cg18437209",0.0389646716827617,0.0259764477885078,3.04305518165993,0.00379506584311059,0.873414223378607,-3.19766565354247
"cg19283806",-0.0431727047770336,-0.028781803184689,-3.04244415177689,0.0038015126293207,0.873414223378607,-3.19925061652197
"cg06097540",0.0380990906358828,0.0253993937572552,3.04068184345571,0.0038201637271996,0.873414223378607,-3.20382070079062
"cg16413842",0.0509853698344173,0.0339902465562781,3.03999928498253,0.00382741048118653,0.873414223378607,-3.20559025674529
"cg10540110",0.0543275773782589,0.0362183849188393,3.03927237465529,0.0038351422833728,0.873414223378607,-3.20747450133976
"cg09978996",0.0473719889891213,0.0315813259927475,3.03750953448831,0.00385395360540118,0.873414223378607,-3.21204274423676
"cg10963949",0.039230955275171,0.0261539701834473,3.037132442036,0.00385798877876946,0.873414223378607,-3.21301971310448
"cg01372683",0.0419301933779455,0.0279534622519636,3.03581813914171,0.00387208377098511,0.873414223378607,-3.21642416025719
"cg03461967",0.0441086744668442,0.0294057829778961,3.03526814651253,0.00387799636860973,0.873414223378607,-3.217848513964
"cg11654900",0.0467425401920448,0.0311616934613632,3.03355627934917,0.00389645366756652,0.873414223378607,-3.22228073684968
"cg09017117",0.0642459288051463,0.0428306192034309,3.03318513138777,0.00390046621319979,0.873414223378607,-3.22324145889484
"cg12595742",0.0724059634821013,0.0482706423214009,3.03131966842999,0.00392069274333883,0.873414223378607,-3.2280690328702
"cg13084536",0.0408642759605786,0.0272428506403857,3.0313181713141,0.00392070901539891,0.873414223378607,-3.22807290640289
"cg16907566",0.0683141127303779,0.0455427418202519,3.02977477923886,0.00393751773453439,0.873414223378607,-3.23206548185125
"cg26410550",0.0515779453470399,0.0343852968980265,3.02639179519164,0.0039745973892603,0.873414223378607,-3.24081204874157
"cg24179445",0.0790986650250143,0.0527324433500094,3.02627631075488,0.0039758689251689,0.873414223378607,-3.24111051214222
"cg12569246",0.0630348764001282,0.0420232509334189,3.02473676379052,0.00399285646126973,0.873414223378607,-3.24508865197812
"cg24053664",0.0611058074524758,0.0407372049683171,3.02300747849567,0.00401201862210936,0.873414223378607,-3.24955543245157
"cg03420713",-0.0392404082981052,-0.0261602721987368,-3.02181577565916,0.00402527392147943,0.873414223378607,-3.2526326173892
"cg00413250",0.066847130379834,0.044564753586556,3.02125612877191,0.00403151300679702,0.873414223378607,-3.25407743929514
"cg17258335",0.051214597801985,0.0341430652013232,3.01951892507673,0.00405093750874607,0.873414223378607,-3.25856116355255
"cg09577455",0.047428458576218,0.0316189723841453,3.01447779454532,0.00410780191955415,0.873414223378607,-3.27156240675463
"cg14738170",0.0532440078466358,0.0354960052310905,3.01134989121644,0.00414345960813499,0.873414223378607,-3.27962194706218
"cg27060381",0.0417757566544635,0.027850504436309,3.0092932162226,0.00416706304176986,0.873414223378607,-3.28491819426519
"cg00220721",0.0352250901797071,0.023483393453138,3.00807002389435,0.00418116060900285,0.873414223378607,-3.28806692994697
"cg18348318",0.06442429326607,0.0429495288440466,3.00454167929363,0.00422207596367858,0.873414223378607,-3.2971446906869
"cg18432895",0.0561243888333328,0.0374162592222218,3.00315873009622,0.00423821483542243,0.873414223378607,-3.3007007751866
"cg04359840",0.0506280462182585,0.0337520308121722,3.00282900375507,0.00424207121683804,0.873414223378607,-3.30154846126351
"cg17569124",-0.0984558735515248,-0.0656372490343497,-3.00255973352157,0.00424522295585155,0.873414223378607,-3.30224067499565
"cg16245345",0.0469657621495293,0.0313105080996861,2.99787488923215,0.00430040959572648,0.873414223378607,-3.31427723674952
"cg24375627",0.0492618444022007,0.0328412296014671,2.99774676122876,0.00430192830411732,0.873414223378607,-3.31460625005253
"cg15825059",0.0499399879393972,0.0332933252929315,2.99641169160875,0.0043177828255654,0.873414223378607,-3.31803393511723
"cg01447281",0.0428912371607436,0.0285941581071624,2.99482282638718,0.00433672247658485,0.873414223378607,-3.32211186061804
"cg05986933",0.0439352639287871,0.0292901759525247,2.99478133521776,0.00433721810029494,0.873414223378607,-3.32221833058797
"cg18640030",0.0963801474558932,0.0642534316372621,2.99451185324337,0.00434043842761702,0.873414223378607,-3.32290982036632
"cg02192117",0.0376434428022143,0.0250956285348095,2.99438761408187,0.00434192384654282,0.873414223378607,-3.32322860328394
"cg02965290",0.0420472618701996,0.0280315079134664,2.99432895664074,0.00434262532738996,0.873414223378607,-3.32337910816224
"cg00310940",0.0501065170155579,0.0334043446770386,2.9939207552012,0.00434750991926577,0.873414223378607,-3.32442642684605
"cg19759481",-0.105090096423421,-0.0700600642822807,-2.98946597399781,0.00440115135876325,0.873414223378607,-3.33584966945555
"cg23983783",0.0470046980918646,0.0313364653945764,2.98775848654263,0.0044218752794755,0.873414223378607,-3.34022503496209
"cg02595823",0.0419241575002282,0.0279494383334855,2.98758474036451,0.00442398915644279,0.873414223378607,-3.340670156371
"cg02761866",0.0468370799915115,0.0312247199943409,2.98614597852999,0.00444153013098847,0.873414223378607,-3.34435544797986
"cg00752263",0.0908531522989099,0.0605687681992732,2.98571204429553,0.00444683327833142,0.873414223378607,-3.34546670264173
"cg02176678",0.0655250351849515,0.0436833567899676,2.9850116953621,0.00445540478627611,0.873414223378607,-3.34725998069644
"cg16872071",0.0558295555256247,0.0372197036837498,2.98458382386536,0.00446064906259534,0.873414223378607,-3.34835542495457
"cg18622538",0.0672426205086068,0.0448284136724045,2.98379300329652,0.00447035706967391,0.873414223378607,-3.35037981464304
"cg23305408",0.0390878250635914,0.0260585500423942,2.98227320186946,0.00448906940190176,0.873414223378607,-3.35426926052146
"cg22115748",0.0684579727451411,0.0456386484967607,2.9812487187272,0.00450172446870292,0.873414223378607,-3.35689033089667
"cg03186440",0.0354745787184979,0.0236497191456653,2.9804492165971,0.00451162357534298,0.873414223378607,-3.35893537355211
"cg05460571",0.0364621113752359,0.0243080742501574,2.98042142180307,0.0045119680845889,0.873414223378607,-3.3590064629542
"cg19690214",0.0659594862420696,0.0439729908280463,2.97978838661326,0.00451982104875425,0.873414223378607,-3.3606254233335
"cg08408303",0.0555019724305883,0.0370013149537255,2.97756225066079,0.00454753836054173,0.873414223378607,-3.36631679630617
"cg04132540",0.0405391372418529,0.0270260914945685,2.97532123321648,0.00457560127485908,0.873414223378607,-3.37204326563353
"cg05951558",0.0746238884122713,0.0497492589415142,2.97450554509965,0.00458585573904438,0.873414223378607,-3.3741268573833
"cg14832998",0.0617183327407752,0.0411455551605168,2.9712522540302,0.00462696855658358,0.873414223378607,-3.38243315005592
"cg06961439",0.0561988687922108,0.0374659125281405,2.97122338590164,0.00462733490774329,0.873414223378607,-3.3825068280995
"cg23588360",0.0637244962454705,0.0424829974969802,2.97058189694812,0.00463548271937652,0.873414223378607,-3.38414392709856
"cg12643293",-0.0355275119245378,-0.0236850079496918,-2.97018233163527,0.0046405645298756,0.873414223378607,-3.38516350684979
"cg09000832",0.0533736452727528,0.0355824301818352,2.96973018505847,0.00464632136130349,0.873414223378607,-3.38631714560796
"cg02332500",0.0499283275828806,0.0332855517219204,2.96754199883406,0.00467427618994125,0.873414223378607,-3.39189853106216
"cg25797006",0.0378196574163948,0.0252131049442631,2.96732774529945,0.0046770217768497,0.873414223378607,-3.39244487329134
"cg02993070",0.0571446159258473,0.0380964106172315,2.96394236627443,0.00472060461686746,0.873414223378607,-3.40107391651327
"cg08537367",0.0518458330415001,0.0345638886943334,2.96180617759332,0.00474830035923473,0.873414223378607,-3.40651538745732
"cg05656688",-0.0467542241628211,-0.031169482775214,-2.96007998937634,0.00477079115581085,0.873414223378607,-3.41091049660328
"cg09735579",0.0515370524134633,0.0343580349423088,2.95927647025591,0.0047812942198733,0.873414223378607,-3.41295576247782
"cg03642635",-0.0835750365218517,-0.0557166910145678,-2.95737567814278,0.00480622606965651,0.873414223378607,-3.41779248608685
"cg06045319",0.0553966579654322,0.0369311053102881,2.95723324221433,0.00480809921669548,0.873414223378607,-3.4181548397837
"cg00262446",0.0367500774994593,0.0245000516663061,2.95722233408421,0.00480824269546199,0.873414223378607,-3.41818258931708
"cg10517650",0.117704533829496,0.0784696892196641,2.95712789578468,0.00480948504522868,0.873414223378607,-3.41842283090768
"cg19647567",0.0499110921803377,0.0332740614535584,2.95635388100134,0.00481967861833339,0.873414223378607,-3.42039164755465
"cg23634348",-0.056191630126341,-0.0374610867508939,-2.95352380308224,0.00485712187902965,0.873414223378607,-3.42758732358704
"cg20045394",0.0372954347564648,0.0248636231709765,2.95252996840522,0.00487033504378997,0.873414223378607,-3.43011309012784
"cg15814508",0.049990304230668,0.033326869487112,2.95069107711373,0.00489487182222827,0.873414223378607,-3.43478496429688
"cg12384004",0.064248387754074,0.0428322585027161,2.95066183588322,0.0048952629250039,0.873414223378607,-3.43485923810906
"cg20152539",0.061892402746349,0.0412616018308994,2.94985325477472,0.00490608928908504,0.873414223378607,-3.43691286257825
"cg24754277",0.0417174340769159,0.027811622717944,2.94824108879018,0.0049277418149738,0.873414223378607,-3.44100626044917
"cg14989243",0.0666442732001121,0.0444295154667414,2.94811328154374,0.0049294621642489,0.873414223378607,-3.44133070542806
"cg02682052",0.0441700848507555,0.0294467232338371,2.94749556137078,0.00493778488580355,0.873414223378607,-3.44289868129249
"cg19083497",0.0361957428945957,0.0241304952630638,2.94655868118451,0.00495043275904946,0.873414223378607,-3.44527635578187
"cg03549618",0.0446588945922976,0.0297725963948651,2.94610288488027,0.00495659692475332,0.873414223378607,-3.44643291566119
"cg19775672",0.0410846316132377,0.0273897544088252,2.94561631701417,0.00496318514291942,0.873414223378607,-3.44766742014914
"cg01948202",-0.0610740972430966,-0.040716064828731,-2.94383121715434,0.00498742573156944,0.873414223378607,-3.45219530963003
"cg07376282",0.106728056270278,0.0711520375135189,2.94381154444596,0.00498769348922995,0.873414223378607,-3.45224519868668
"cg20811236",0.0525765093962137,0.0350510062641424,2.94365058650128,0.00498988472943855,0.873414223378607,-3.45265337173804
"cg07918341",0.0584161329954294,0.0389440886636196,2.94288196346499,0.00500036095124975,0.873414223378607,-3.45460230878342
"cg05756780",0.0530320743534851,0.0353547162356567,2.94094354428437,0.00502687248363681,0.873414223378607,-3.45951584002492
"cg26681603",-0.036299908942769,-0.0241999392951793,-2.9408091506917,0.00502871541899948,0.873414223378607,-3.45985641956418
"cg07136715",0.0439172128550432,0.0292781419033621,2.94049657803112,0.00503300415544087,0.873414223378607,-3.46064849784517
"cg07856667",0.0445899126292411,0.029726608419494,2.93984980089723,0.00504188926488344,0.873414223378607,-3.46228728543412
"cg20435463",0.0400550410765029,0.0267033607176686,2.93971518776671,0.0050437403522616,0.873414223378607,-3.46262833337055
"cg25199283",0.0371891114506661,0.0247927409671107,2.93925572210067,0.00505006331394765,0.873414223378607,-3.4637923271042
"cg09672383",0.0701846551343033,0.0467897700895355,2.93799011763025,0.00506751823365359,0.873414223378607,-3.4669979114138
"cg07063912",0.071267317668863,0.0475115451125753,2.93739797963304,0.00507570416110057,0.873414223378607,-3.46849737842563
"cg06080874",0.0581202507554161,0.0387468338369441,2.93658757694715,0.00508692743960894,0.873414223378607,-3.470549215786
"cg09692695",0.0597597123592944,0.0398398082395297,2.93652863410964,0.00508774464166329,0.873414223378607,-3.47069843629112
"cg13745346",0.0424416777642055,0.0282944518428036,2.93393329507426,0.00512384880328787,0.873414223378607,-3.47726677174105
"cg03401519",0.0542956218469242,0.0361970812312828,2.93240364481096,0.00514523970956558,0.873414223378607,-3.48113615233741
"cg18197594",0.0876010992159418,0.0584007328106279,2.93215555263391,0.00514871690975836,0.873414223378607,-3.48176359054645
"cg10489463",-0.0426013855054686,-0.0284009236703124,-2.93076709015645,0.00516821772627786,0.873414223378607,-3.48527440469097
"cg21072629",0.074218290096193,0.0494788600641286,2.9307435890689,0.00516854838830936,0.873414223378607,-3.48533381871659
"cg14058329",-0.0425192010394162,-0.0283461340262775,-2.93053966221276,0.00517141848208832,0.873414223378607,-3.48584936033897
"cg17274080",-0.048790602817509,-0.032527068545006,-2.93039845600762,0.00517340670726829,0.873414223378607,-3.48620632508022
"cg09325164",0.0426736407177152,0.0284490938118101,2.92955489427118,0.00518529915301991,0.873414223378607,-3.48833857298603
"cg09824615",0.0595279614450872,0.0396853076300581,2.9288244370236,0.00519561763917282,0.873414223378607,-3.49018458505706
"cg10091996",0.0588839148594164,0.0392559432396108,2.9279664528903,0.0052077620132178,0.873414223378607,-3.49235247443802
"cg16518176",0.0364175456641845,0.024278363776123,2.92742012979641,0.00521550874526778,0.873414223378607,-3.49373265214304
"cg21375204",-0.0450744907030861,-0.0300496604687241,-2.92597608379425,0.00523603670423577,0.873414223378607,-3.49737988748966
"cg18106898",0.0496096626350059,0.0330731084233373,2.92518289899847,0.0052473442960175,0.873414223378607,-3.49938270623645
"cg07425204",0.0633053417771772,0.0422035611847848,2.92434916210153,0.00525925451813545,0.873414223378607,-3.50148751310333
"cg08643131",0.0548771143344462,0.0365847428896308,2.92412615759983,0.0052624444815428,0.873414223378607,-3.5020504273691
"cg10067538",0.0439321651715906,0.0292881101143937,2.92397058926543,0.0052646708728653,0.873414223378607,-3.50244309966369
"cg14979593",0.0430478199819883,0.0286985466546589,2.92318095809529,0.00527598508980574,0.873414223378607,-3.50443599494196
"cg14658964",0.0480621950712689,0.0320414633808459,2.92284590946351,0.00528079266966417,0.873414223378607,-3.50528148768698
"cg14905466",0.0394037803702971,0.0262691869135314,2.92257608007247,0.00528466739134523,0.873414223378607,-3.50596235110813
"cg06294373",0.068111968322007,0.045407978881338,2.92150409610449,0.00530008714384552,0.873414223378607,-3.50866686746813
"cg12972233",0.044427128279659,0.0296180855197726,2.92030513052504,0.00531738308407098,0.873414223378607,-3.51169092796908
"cg13557167",0.0352975634659391,0.0235317089772927,2.91867707570893,0.00534095311333859,0.873414223378607,-3.51579586332561
"cg11285834",0.0509320334264051,0.0339546889509368,2.91515289066577,0.00539230787831891,0.873414223378607,-3.52467618603162
"cg07459594",-0.0406468100777948,-0.0270978733851965,-2.91488731523962,0.0053961964408514,0.873414223378607,-3.52534508591299
"cg20083676",0.0508710828043368,0.0339140552028912,2.91388106995102,0.00541095361267629,0.873414223378607,-3.52787911143745
"cg24592370",-0.0478729008621604,-0.0319152672414402,-2.91188095794544,0.00544039805741668,0.873414223378607,-3.5329141763798
"cg15588215",0.0421694905675918,0.0281129937117279,2.90953732365124,0.00547508941039278,0.873414223378607,-3.53881094973685
"cg23570810",-0.0586762668627806,-0.0391175112418538,-2.9095080822066,0.0054755235510369,0.873414223378607,-3.53888450262872
"cg18877252",0.0773308410215895,0.051553894014393,2.90887905567512,0.00548487031812996,0.873414223378607,-3.54046660859084
"cg10790979",0.0378836353441205,0.0252557568960803,2.90864660598138,0.00548832806764109,0.873414223378607,-3.54105119760867
"cg10520790",0.0401616848689001,0.0267744565792668,2.90855650143862,0.00548966894171813,0.873414223378607,-3.54127779324161
"cg26816907",0.0450777560779485,0.030051837385299,2.90773228388092,0.00550194854276171,0.873414223378607,-3.54335031455784
"cg04895345",0.0421312943244436,0.028087529549629,2.90743282072612,0.00550641642166165,0.873414223378607,-3.54410322253191
"cg13390385",0.045972250241243,0.0306481668274954,2.90488679527911,0.005544538807447,0.873414223378607,-3.55050223033829
"cg25903143",0.0417768681642348,0.0278512454428231,2.90406821271269,0.00555684777294618,0.873414223378607,-3.55255876738602
"cg13719901",0.0586721893715395,0.0391147929143597,2.90399865898101,0.00555789481859439,0.873414223378607,-3.55273348956303
"cg00049595",0.0677706859279265,0.0451804572852843,2.90366177197512,0.00556296883572958,0.873414223378607,-3.55357972380574
"cg22039638",0.0599909283639777,0.0399939522426518,2.90330278845267,0.00556838040305988,0.873414223378607,-3.55448138720616
"cg14356550",-0.0549702365259484,-0.0366468243506322,-2.90208093946258,0.00558683613900425,0.873414223378607,-3.55754973596503
"cg24207009",0.062206438781611,0.0414709591877406,2.90157926155357,0.00559443033369318,0.873414223378607,-3.55880930482922
"cg03199926",-0.0815430979966117,-0.0543620653310745,-2.9010540108964,0.00560239165509024,0.873414223378607,-3.5601278947374
"cg06358171",0.0726139119597375,0.048409274639825,2.89998672834931,0.00561860113710096,0.873414223378607,-3.56280668734458
"cg11115622",0.0585184030299237,0.0390122686866158,2.89985766182984,0.00562056430517484,0.873414223378607,-3.56313058705743
"cg09256201",0.0485976926030226,0.0323984617353484,2.89956051330468,0.00562508651324306,0.873414223378607,-3.56387625967033
"cg05189804",0.0460389572175105,0.0306926381450069,2.89948432498546,0.00562624654396185,0.873414223378607,-3.56406744009689
"cg07860043",0.0632724929210485,0.0421816619473656,2.8976157508844,0.00565476690704274,0.873414223378607,-3.56875517800624
"cg13947735",0.0610894658524631,0.0407263105683087,2.89307757005951,0.0057245948593175,0.873414223378607,-3.58013140428208
"cg12758687",0.0390410703225402,0.0260273802150268,2.89235667073712,0.00573576071163596,0.873414223378607,-3.58193739009592
"cg11878254",0.0454504699118396,0.0303003132745597,2.8922758674461,0.00573701351780665,0.873414223378607,-3.58213979756887
"cg02578470",0.0542865806100749,0.0361910537400499,2.89170949908467,0.00574580186269653,0.873414223378607,-3.58355840550316
"cg22286764",0.0511969200215815,0.0341312800143877,2.88999595446246,0.00577246725641596,0.873414223378607,-3.58784920929295
"cg06620723",0.0540249945351671,0.0360166630234447,2.88932126124936,0.00578299806256469,0.873414223378607,-3.58953818587235
"cg09624565",0.0439277463226472,0.0292851642150981,2.88828129647902,0.00579926512753472,0.873414223378607,-3.59214101361015
"cg02716128",0.0352396191734315,0.0234930794489543,2.8876346569187,0.00580940126557559,0.873414223378607,-3.59375909372075
"cg00491180",-0.0681848781810928,-0.0454565854540619,-2.8870420505436,0.00581870489116494,0.873414223378607,-3.59524174360863
"cg02058628",0.0508095785630987,0.0338730523753991,2.88651941630667,0.00582692148315865,0.873414223378607,-3.59654915184464
"cg08253651",0.0502057893514236,0.0334705262342824,2.88523143400451,0.0058472165636212,0.873414223378607,-3.59977042488657
"cg20157339",0.0504654376025983,0.0336436250683989,2.88452793591213,0.00585832950152975,0.873414223378607,-3.60152946293
"cg17388039",0.0359835209642216,0.0239890139761477,2.8841481734948,0.00586433664621937,0.873414223378607,-3.60247890171339
"cg08642342",0.0706236285339839,0.0470824190226559,2.88397364569865,0.00586709927581819,0.873414223378607,-3.60291520677457
"cg14342532",0.0638641444981177,0.0425760963320785,2.88396322479953,0.00586726426823853,0.873414223378607,-3.60294125757353
"cg00058708",0.0376225115839176,0.0250816743892785,2.8829762177244,0.00588291095788255,0.873414223378607,-3.6054083380156
"cg09255748",0.0508970533435292,0.0339313688956861,2.88296950107269,0.00588301756744186,0.873414223378607,-3.60542512463508
"cg24301866",0.0515951434718539,0.0343967623145693,2.88227019058373,0.00589412715405798,0.873414223378607,-3.60717272874237
"cg05418150",0.0382106446820901,0.0254737631213934,2.88060525931344,0.00592065559184417,0.873414223378607,-3.61133225641705
"cg07605269",0.0465677699803903,0.0310451799869268,2.87974118467424,0.00593446715994732,0.873414223378607,-3.61349032298391
"cg13102120",0.04956885803687,0.0330459053579134,2.87888779544798,0.00594813731626784,0.873414223378607,-3.61562125495518
"cg06850687",0.0384867174861703,0.0256578116574468,2.87878632626406,0.00594976466242102,0.873414223378607,-3.61587459620123
"cg08886823",0.0474664622030617,0.0316443081353745,2.87840505381177,0.00595588314664121,0.873414223378607,-3.6168264747214
"cg22012530",0.0381245990453311,0.0254163993635541,2.87645558186992,0.00598725885713569,0.873414223378607,-3.62169210671344
"cg11927233",0.0459576841936267,0.0306384561290845,2.87640150500244,0.00598813138085526,0.873414223378607,-3.62182704254555
"cg07839457",-0.0687632438100976,-0.0458421625400649,-2.87176115677322,0.00606344443450246,0.873414223378607,-3.6333992576136
"cg26706803",0.0616775631032414,0.0411183754021609,2.87091707796106,0.00607723810617628,0.873414223378607,-3.63550282613888
"cg07620533",0.0685567548821324,0.045704503254755,2.87068532871279,0.00608103037699001,0.873414223378607,-3.636080303028
"cg27154343",-0.0355084150981099,-0.0236722767320732,-2.87057768857095,0.00608279251347861,0.873414223378607,-3.63634851145954
"cg13194425",0.0541157011855549,0.0360771341237032,2.86994399823762,0.00609317604048717,0.873414223378607,-3.63792734260199
"cg01169021",0.0625120019962433,0.0416746679974955,2.86883559142291,0.0061113777752705,0.873414223378607,-3.64068833228336
"cg04610171",0.0594165652834989,0.0396110435223325,2.868633991641,0.00611469377536196,0.873414223378607,-3.64119042704176
"cg14453187",0.0458871301902376,0.0305914201268251,2.86851904509538,0.00611658521368793,0.873414223378607,-3.64147669625403
"cg24416238",0.0479343640691849,0.03195624271279,2.86764400888941,0.00613100170495667,0.873414223378607,-3.64365566921696
"cg10919177",0.0366042742298548,0.0244028494865699,2.86685974991411,0.00614394942499856,0.873414223378607,-3.64560819428398
"cg09504131",0.0407463281901183,0.0271642187934122,2.86511439262868,0.00617285559207595,0.873414223378607,-3.6499521576489
"cg18461635",-0.0418884771810562,-0.0279256514540374,-2.86490569669808,0.00617632040240812,0.873414223378607,-3.65047144913997
"cg07048516",0.0570227603426108,0.0380151735617405,2.86430263069204,0.00618634277364772,0.873414223378607,-3.65197188904756
"cg23581793",0.0509014749488566,0.0339343166325711,2.86389029087483,0.00619320415186714,0.873414223378607,-3.65299767003684
"cg20902783",0.0434673630485365,0.0289782420323577,2.86355644225679,0.00619876460442277,0.873414223378607,-3.65382811140948
"cg04851268",0.0515646785831,0.0343764523887333,2.86336660848708,0.00620192846884452,0.873414223378607,-3.65430028838407
"cg07616394",0.0362791299294157,0.0241860866196105,2.86252175108532,0.00621602747951103,0.873414223378607,-3.65640144917534
"cg23090824",0.0491030631127752,0.0327353754085168,2.86245662117369,0.00621711560444676,0.873414223378607,-3.65656340910416
"cg14016200",0.0524277651756451,0.0349518434504301,2.86190599759358,0.00622632193902498,0.873414223378607,-3.65793255230317
"cg03970229",0.0485515179268337,0.0323676786178891,2.86136424464951,0.00623539231032289,0.873414223378607,-3.65927945664643
"cg09134819",0.0527000029182216,0.0351333352788144,2.86099356703516,0.00624160549714786,0.873414223378607,-3.6602009302011
"cg20761187",0.0603204031959819,0.0402136021306546,2.86092604089982,0.00624273796869574,0.873414223378607,-3.66036878543787
"cg08334034",0.0756712070433275,0.0504474713622183,2.86058235072614,0.00624850490648605,0.873414223378607,-3.66122308079141
"cg12004276",0.0511181328414486,0.0340787552276323,2.85784519902733,0.00629460970607081,0.873414223378607,-3.66802410530821
"cg27406664",0.0459374825391839,0.0306249883594559,2.85756342614263,0.00629937379591471,0.873414223378607,-3.66872396731154
"cg18872215",0.0533374131235296,0.0355582754156864,2.85746661992015,0.0063010113245505,0.873414223378607,-3.66896440145026
"cg11625005",0.0394726054373491,0.0263150702915661,2.85626472557804,0.00632137493901108,0.873414223378607,-3.67194902312893
"cg26449586",0.0456863513154601,0.03045756754364,2.85590544242175,0.00632747409851661,0.873414223378607,-3.67284104570325
"cg01277438",0.0403305359319246,0.0268870239546164,2.85552326286128,0.00633396794041844,0.873414223378607,-3.67378982790663
"cg01251603",-0.0612729663767902,-0.0408486442511935,-2.85492489163732,0.00634414764982688,0.873414223378607,-3.67527513745901
"cg13851989",0.0649538795966021,0.0433025863977347,2.85454295388897,0.00635065325125683,0.873414223378607,-3.67622308882534
"cg14236976",0.0353768147650956,0.0235845431767304,2.85395687483012,0.00636064806236282,0.873414223378607,-3.67767753456145
"cg04308687",-0.0640791231441593,-0.0427194154294395,-2.85376008339099,0.00636400735535129,0.873414223378607,-3.67816585548243
"cg00848594",0.0601531519222245,0.0401021012814831,2.8536922023658,0.00636516648810936,0.873414223378607,-3.67833429083746
"cg09324669",0.0430257803024458,0.0286838535349638,2.8536872199089,0.00636525157599526,0.873414223378607,-3.67834665385502
"cg06542614",0.0508438623316982,0.0338959082211322,2.85329051532657,0.00637202968575171,0.873414223378607,-3.6793309516207
"cg07805604",0.0503514924915653,0.0335676616610435,2.85306572194747,0.00637587348670906,0.873414223378607,-3.67988866272327
"cg21358336",-0.171089566054264,-0.114059710702843,-2.8530323071275,0.00637644503915165,0.873414223378607,-3.67997156204498
"cg01581781",0.0725663516494642,0.0483775677663094,2.85159742626328,0.00640103323703372,0.873414223378607,-3.68353073013169
"cg20734996",0.0517926118512308,0.0345284079008206,2.85096523471967,0.00641189440381838,0.873414223378607,-3.68509845479951
"cg07613268",0.0442089831665113,0.0294726554443409,2.850876413212,0.00641342174299845,0.873414223378607,-3.68531869689266
"cg02079700",0.0360391161778792,0.0240260774519194,2.85042783624549,0.00642114045248408,0.873414223378607,-3.68643091544961
"cg02345146",0.069244076024419,0.0461627173496127,2.84980036703353,0.00643195184142031,0.873414223378607,-3.68798647797079
"cg13850019",0.0387475181766292,0.0258316787844195,2.84783793069168,0.00646587402901996,0.873414223378607,-3.6928499975153
"cg03714522",0.0864594382908202,0.0576396255272134,2.84745090952449,0.00647258354534435,0.873414223378607,-3.69380887419155
"cg24873093",0.0530346139906378,0.0353564093270918,2.84692568888941,0.00648169926069561,0.873414223378607,-3.69511000349972
"cg24667736",0.0451133854509092,0.0300755903006061,2.84653664302955,0.00648845920727368,0.873414223378607,-3.69607367717804
"cg14494204",0.0771186893616228,0.0514124595744152,2.84609672778206,0.0064961109241744,0.873414223378607,-3.69716324266574
"cg12444736",0.0489466231493502,0.0326310820995668,2.84600220659549,0.00649775608154523,0.873414223378607,-3.69739733357654
"cg02365780",0.0631212611364965,0.0420808407576643,2.84531183954868,0.00650978376343598,0.873414223378607,-3.69910692736941
"cg07752120",-0.0796809004431994,-0.0531206002954662,-2.84415781786705,0.00652993543431843,0.873414223378607,-3.70196403711228
"cg18907610",0.0590176129868184,0.0393450753245456,2.84406542807469,0.00653155125556425,0.873414223378607,-3.70219273880995
"cg21187770",0.0380358722546957,0.0253572481697972,2.84380345653692,0.00653613493857347,0.873414223378607,-3.70284119448422
"cg13257654",0.0399853800446527,0.0266569200297685,2.84337095335959,0.00654370892190805,0.873414223378607,-3.70391167269178
"cg02661034",0.0503056559345584,0.0335371039563723,2.84278818501475,0.00655392721932847,0.873414223378607,-3.70535388572337
"cg25211348",-0.0361348856625545,-0.0240899237750364,-2.84251064396978,0.00655879884244001,0.873414223378607,-3.70604065997959
"cg15429214",0.0625227977452131,0.0416818651634753,2.84141725150802,0.00657802364082921,0.873414223378607,-3.70874579196721
"cg23931420",0.0460577306816398,0.0307051537877599,2.84121915742963,0.00658151225780242,0.873414223378607,-3.70923581191714
"cg20517050",-0.0706539762626256,-0.0471026508417503,-2.83942707243288,0.00661315057169233,0.873414223378607,-3.71366774059012
"cg26452915",0.0366134285736963,0.0244089523824642,2.83820639087797,0.0066347817494536,0.873414223378607,-3.7166854177091
"cg18408273",0.0537297898281567,0.0358198598854378,2.83691922155679,0.00665766218054958,0.873414223378607,-3.71986646136145
"cg09469667",0.0366564092724858,0.0244376061816572,2.83671102241205,0.0066613699481224,0.873414223378607,-3.72038089752259
"cg07306190",0.0553097661518311,0.036873177434554,2.83555618379356,0.00668197097178117,0.873414223378607,-3.72323388333841
"cg00257893",0.0371193061506831,0.0247462041004554,2.83484896266318,0.00669461614878798,0.873414223378607,-3.72498063870364
"cg03703887",0.0727578987570441,0.0485052658380294,2.83242514169507,0.00673812278782651,0.873414223378607,-3.73096484642415
"cg06776146",0.03666844515083,0.0244456301005533,2.83235567361667,0.00673937356754379,0.873414223378607,-3.73113630347533
"cg26971042",0.0373722162173166,0.0249148108115444,2.83188926229101,0.00674777692516927,0.873414223378607,-3.73228739509969
"cg20193363",0.0693266146764715,0.0462177431176477,2.83090401323433,0.00676556014754698,0.873414223378607,-3.7347185215679
"cg01751800",0.0488152443609238,0.0325434962406158,2.83069657056512,0.00676930990923565,0.873414223378607,-3.73523031470012
"cg16511225",0.0403243218315826,0.0268828812210551,2.82986655598596,0.00678433264605023,0.873414223378607,-3.73727782163076
"cg22439241",0.064293849304326,0.042862566202884,2.82888048768755,0.00680222001419468,0.873414223378607,-3.73970973084115
"cg04363228",0.044601709980359,0.0297344733202394,2.82799667688615,0.00681828955612522,0.873414223378607,-3.74188893224479
"cg26572811",0.0537199079373607,0.0358132719582404,2.82686331693149,0.00683894791170549,0.873414223378607,-3.74468273350906
"cg11703632",0.0410103743014085,0.0273402495342723,2.82625228648533,0.00685010953921435,0.873414223378607,-3.74618862943353
"cg09269866",0.0403871895571009,0.0269247930380673,2.82615412431952,0.00685190422988584,0.873414223378607,-3.74643053027727
"cg04863892",-0.0944303362273946,-0.0629535574849296,-2.82586704811538,0.00685715532075771,0.873414223378607,-3.74713793724892
"cg00319595",0.0411252023475955,0.0274168015650637,2.82374246979728,0.00689613338436925,0.873414223378607,-3.75237168355059
"cg21456320",0.0502749059618697,0.0335166039745798,2.82266522618199,0.00691597511051847,0.873414223378607,-3.75502432272268
"cg22632947",0.0477946975139584,0.0318631316759723,2.82238720037611,0.00692110464146323,0.873414223378607,-3.75570882508045
"cg14219124",0.0508782050846159,0.0339188033897439,2.8220606367405,0.0069271341887558,0.873414223378607,-3.75651276659846
"cg14898611",0.0640522702858335,0.042701513523889,2.82104549290222,0.0069459085095504,0.873414223378607,-3.7590114458279
"cg06528575",0.0372499826816116,0.024833321787741,2.81935932027503,0.00697719720452696,0.873414223378607,-3.76316037922127
"cg20790648",0.0644453687376687,0.0429635791584458,2.8191408042009,0.00698126154068086,0.873414223378607,-3.76369792201943
"cg04469731",0.0458506951313076,0.0305671300875384,2.81838236970945,0.00699538522495632,0.873414223378607,-3.76556341650258
"cg06376520",-0.0536299583977945,-0.0357533055985296,-2.8181389341683,0.00699992412679561,0.873414223378607,-3.76616211025743
"cg13420985",0.0445725337030352,0.0297150224686901,2.81732678871103,0.00701508647016135,0.873414223378607,-3.76815919473291
"cg14010405",-0.0544471806992372,-0.0362981204661581,-2.81707972065398,0.00701970513621091,0.873414223378607,-3.76876665919044
"cg18563642",0.0685751035795275,0.045716735719685,2.81697853722763,0.00702159746201156,0.873414223378607,-3.76901542716362
"cg09422355",0.041271196422887,0.0275141309485913,2.81623406176778,0.00703553512592277,0.873414223378607,-3.77084558637686
"cg18996808",0.0377863167700374,0.0251908778466915,2.81528873998069,0.00705326984765271,0.873414223378607,-3.77316899181882
"cg01690119",-0.0689320440306144,-0.0459546960204096,-2.81524293269202,0.00705413026662998,0.873414223378607,-3.77328156249248
"cg08418872",-0.0421159460575804,-0.0280772973717202,-2.8149993988635,0.00705870630472606,0.873414223378607,-3.7738800209584
"cg00830767",0.047661810098562,0.031774540065708,2.81377467664227,0.00708176072496827,0.873414223378607,-3.77688908414236
"cg22229039",0.0607844937046436,0.0405229958030957,2.81316823665695,0.00709320226687132,0.873414223378607,-3.77837872117496
"cg25003924",0.039569688345816,0.026379792230544,2.81315054751281,0.00709353626002079,0.873414223378607,-3.77842216869469
"cg25211403",0.0447012934940095,0.0298008623293396,2.81235929201528,0.00710849105507006,0.873414223378607,-3.78036542563839
"cg04965050",0.0406988670760219,0.0271325780506812,2.81104797074068,0.00713333942897051,0.873414223378607,-3.78358505896236
"cg05386606",-0.0446368976321013,-0.0297579317547342,-2.81044237175601,0.00714484211596739,0.873414223378607,-3.78507159849296
"cg22840852",0.047041340254125,0.03136089350275,2.80905701530596,0.00717122004025085,0.873414223378607,-3.78847131505241
"cg01819512",0.0363412035189171,0.0242274690126114,2.80811417062438,0.00718922382977965,0.873414223378607,-3.79078440464458
"cg08142918",0.0476575934000594,0.031771728933373,2.80735665567414,0.00720371901679004,0.873414223378607,-3.7926424201083
"cg12664119",0.0366652204733839,0.0244434803155892,2.80646838630908,0.00722075067111076,0.873414223378607,-3.79482068952187
"cg00231945",0.0466359401847058,0.0310906267898038,2.80455166332713,0.00725762892555893,0.873414223378607,-3.79951931363994
"cg26140475",0.0409609075685086,0.0273072717123391,2.80373138782452,0.00727346444023203,0.873414223378607,-3.80152942072077
"cg22708150",0.0530680228939384,0.0353786819292923,2.80293425894588,0.0072888837358927,0.873414223378607,-3.80348240239834
"cg20623601",0.035205364440022,0.0234702429600147,2.80277476698289,0.00729197250471962,0.873414223378607,-3.80387311307712
"cg09546802",0.0563607545302941,0.0375738363535294,2.80235498187629,0.00730010797843415,0.873414223378607,-3.80490139289733
"cg26685404",0.0523728672912929,0.034915244860862,2.80010341536307,0.00734388706336271,0.873414223378607,-3.81041480603428
"cg06951677",0.0615755480612281,0.0410503653741521,2.79890710699858,0.00736724658588602,0.873414223378607,-3.81334291361313
"cg04347264",0.0610032076987908,0.0406688051325272,2.79882612653169,0.00736883031946991,0.873414223378607,-3.81354109051618
"cg04246957",0.0632468101559329,0.0421645401039554,2.79846755037204,0.00737584677309942,0.873414223378607,-3.81441855528436
"cg26730619",0.0519744001854476,0.0346496001236317,2.79766637232721,0.00739154619615472,0.873414223378607,-3.81637881085873
"cg02834909",-0.0872797247484114,-0.0581864831656076,-2.79591834503662,0.00742590689222284,0.873414223378607,-3.82065433882321
"cg07787614",0.0769924330841956,0.0513282887227971,2.79507887108135,0.00744246076280793,0.873414223378607,-3.82270693925413
"cg04471151",-0.0758744740092883,-0.0505829826728588,-2.79486673161644,0.00744664941192229,0.873414223378607,-3.82322557202784
"cg03589296",0.0374998604939172,0.0249999069959448,2.79454065501178,0.00745309197772624,0.873414223378607,-3.82402270005215
"cg11526020",0.0554432233463764,0.0369621488975843,2.7937518492871,0.007468698392915,0.873414223378607,-3.82595074088289
"cg13408086",0.0398479863820093,0.0265653242546729,2.79288709303921,0.00748584220579032,0.873414223378607,-3.82806397442485
"cg16260126",0.0576960564704097,0.0384640376469398,2.79285409507537,0.00748649711152569,0.873414223378607,-3.8281446033282
"cg21887430",0.0351157538143204,0.0234105025428803,2.79235706684102,0.00749636797000404,0.873414223378607,-3.82935898454029
"cg03726817",0.0527123451151472,0.0351415634100981,2.79213010437344,0.00750087939059636,0.873414223378607,-3.82991346665551
"cg16210355",0.0439451599389205,0.0292967732926137,2.79180936898622,0.00750725905315148,0.873414223378607,-3.83069698604215
"cg21928095",0.0553419188197638,0.0368946125465092,2.79084807704736,0.00752640992624369,0.873414223378607,-3.83304492309465
"cg21007852",0.0445582867716154,0.0297055245144103,2.78981855570501,0.0075469701599768,0.873414223378607,-3.83555886409408
"cg14055655",-0.0370641297267449,-0.0247094198178299,-2.78914855088277,0.00756037849158772,0.873414223378607,-3.83719455968996
"cg06173513",0.0389210778936727,0.0259473852624484,2.78900019908457,0.00756335032798572,0.873414223378607,-3.83755669554545
"cg16901361",0.0480311559774499,0.0320207706516333,2.78846828790023,0.00757401464505605,0.873414223378607,-3.83885500947572
"cg15896892",0.0367346454551545,0.0244897636367696,2.78840990014001,0.00757518611097513,0.873414223378607,-3.83899751422179
"cg07057235",0.0393341680562093,0.0262227787041395,2.78750092803661,0.00759344493921993,0.873414223378607,-3.84121573025226
"cg00585790",0.0470441845466152,0.0313627896977434,2.78633069011199,0.00761701181657869,0.873414223378607,-3.84407076136878
"cg13916080",0.0630746889732291,0.0420497926488194,2.78456397792008,0.00765271893936308,0.873414223378607,-3.84837937594909
"cg04144521",0.0604687492278755,0.0403124994852503,2.78360723775756,0.00767212019529049,0.873414223378607,-3.85071182877221
"cg05915981",0.0411980363391027,0.0274653575594018,2.78286409469818,0.00768722138415836,0.873414223378607,-3.85252315110069
"cg24572745",0.0400232686647144,0.0266821791098096,2.78283414041498,0.00768783065187043,0.873414223378607,-3.85259615377599
"cg23655651",0.0444652786519914,0.0296435191013276,2.78242710733047,0.0076961140972643,0.873414223378607,-3.85358809280641
"cg17694130",-0.0472583776611503,-0.0315055851074335,-2.78227840562246,0.00769914235154633,0.873414223378607,-3.85395045256858
"cg25390165",-0.0503883845297287,-0.0335922563531524,-2.78217071313523,0.0077013361560678,0.873414223378607,-3.85421287139741
"cg05156120",-0.0360213674792574,-0.0240142449861716,-2.78177408653563,0.00770942082305903,0.873414223378607,-3.85517928503095
"cg12931620",0.0431027888506333,0.0287351925670889,2.78138247958116,0.00771741086700163,0.873414223378607,-3.85613337043362
"cg10485485",0.0531550224163752,0.0354366816109168,2.77982978699667,0.00774916618852936,0.873414223378607,-3.85991529511318
"cg23888440",0.0422551093330218,0.0281700728886812,2.77969540239113,0.00775192026265106,0.873414223378607,-3.8602425468004
"cg10016175",0.0428769992649113,0.0285846661766075,2.77941742892892,0.00775761991341979,0.873414223378607,-3.8609194280375
"cg21336435",-0.0550218589956843,-0.0366812393304562,-2.77912170774065,0.0077636877201754,0.873414223378607,-3.86163947239763
"cg16814786",0.0699402840397526,0.0466268560265017,2.77910551481183,0.00776402010422963,0.873414223378607,-3.86167889857195
"cg26314089",0.0612768796894407,0.0408512531262939,2.7787931910656,0.00777043358909284,0.873414223378607,-3.8624393048947
"cg00834988",0.0586605436951689,0.0391070291301126,2.77857884978578,0.00777483786253992,0.873414223378607,-3.86296112023742
"cg26657086",0.0488956907446169,0.032597127163078,2.77701552146663,0.00780703088707224,0.873414223378607,-3.86676617551118
"cg07345108",0.0395339949673049,0.02635599664487,2.77635374684759,0.00782069562838664,0.873414223378607,-3.86837643301521
"cg22589728",0.0491362831614609,0.0327575221076406,2.7757349793861,0.00783349231854197,0.873414223378607,-3.86988179311066
"cg18799399",0.0512020726595905,0.0341347151063936,2.77452379677078,0.00785859672039732,0.873414223378607,-3.87282770124614
"cg16352321",0.0364849131399292,0.0243232754266195,2.77342838637302,0.00788136547911717,0.873414223378607,-3.87549122190458
"cg07341624",0.0355565287283441,0.0237043524855627,2.77157763795074,0.00791997289585438,0.873414223378607,-3.87998964143928
"cg19731194",-0.0518278860172613,-0.0345519240115076,-2.77157370279537,0.00792005517069897,0.873414223378607,-3.87999920389594
"cg23234640",-0.0355730402873583,-0.0237153601915722,-2.76980967162679,0.00795701651477937,0.873414223378607,-3.88428482448793
"cg11230031",0.068683258899468,0.045788839266312,2.76964277596846,0.00796052167835642,0.873414223378607,-3.88469018654516
"cg10421029",0.0466293612052602,0.0310862408035068,2.76942189102254,0.00796516292442056,0.873414223378607,-3.88522665253419
"cg12410225",0.0356011386357566,0.0237340924238377,2.76912746664887,0.00797135327060331,0.873414223378607,-3.88594167653807
"cg05120987",0.0538482014958415,0.0358988009972277,2.76808817520719,0.00799324017442629,0.873414223378607,-3.88846520716469
"cg03945538",0.05816082081149,0.0387738805409934,2.76796188169186,0.00799590362456621,0.873414223378607,-3.88877181705559
"cg02018337",0.0612093509816238,0.0408062339877493,2.76758622906157,0.00800383074555602,0.873414223378607,-3.88968375032676
"cg27650870",0.0513241944123007,0.0342161296082005,2.76739801741463,0.00800780516585121,0.873414223378607,-3.8901406187281
"cg26373716",0.0709720343387401,0.0473146895591601,2.76685366864976,0.00801931030873019,0.873414223378607,-3.89146185438587
"cg20318662",-0.0851687926287463,-0.0567791950858309,-2.76608274816515,0.00803563030083242,0.873414223378607,-3.89333269999166
"cg16870655",0.067416710676381,0.0449444737842539,2.76565526548255,0.00804469310287494,0.873414223378607,-3.8943699389444
"cg02814805",0.0507461686157567,0.0338307790771711,2.76455203174055,0.0080681257210322,0.873414223378607,-3.89704627622472
"cg09578829",0.040606787712472,0.0270711918083146,2.76296232105074,0.00810200192425102,0.873414223378607,-3.90090139956182
"cg04544858",0.0406757537919089,0.0271171691946059,2.76236327371556,0.00811480145252143,0.873414223378607,-3.90235370104436
"cg08297985",0.0507437730791291,0.0338291820527527,2.76189281511835,0.00812486657711503,0.873414223378607,-3.90349409829692
"cg14184890",0.0720712054012427,0.0480474702674952,2.76117685105036,0.0081402062324528,0.873414223378607,-3.90522933375406
"cg17310600",0.0523444931827556,0.0348963287885038,2.76066560215611,0.0081511761856265,0.873414223378607,-3.9064682149293
"cg03465320",-0.0534095751498885,-0.035606383433259,-2.76004052197542,0.00816460717759719,0.873414223378607,-3.90798271131481
"cg06372475",0.0403892986133708,0.0269261990755805,2.75955289895938,0.008175098831061,0.873414223378607,-3.90916399246509
"cg10768316",0.0558352100651815,0.0372234733767877,2.75950298048813,0.00817617357432633,0.873414223378607,-3.90928491290041
"cg06749872",-0.0371377849084675,-0.0247585232723116,-2.75859969238928,0.00819564388650635,0.873414223378607,-3.91147272663712
"cg00153543",0.0547505661069397,0.0365003774046264,2.75839428383223,0.00820007742174578,0.873414223378607,-3.91197016506695
"cg02939918",0.0486952902497271,0.0324635268331514,2.75806629630136,0.00820716128918091,0.873414223378607,-3.91276439764192
"cg21357291",0.0482008691785947,0.0321339127857298,2.7568686128928,0.00823307682430571,0.873414223378607,-3.91566404576699
"cg21552063",0.0380993165652927,0.0253995443768618,2.75582174798718,0.00825579077425751,0.873414223378607,-3.91819780709267
"cg17801864",0.052691713107707,0.0351278087384713,2.75491888099424,0.00827542681359545,0.873414223378607,-3.92038248493322
"cg00342358",-0.0573931159398998,-0.0382620772932664,-2.75464278220045,0.00828144015848158,0.873414223378607,-3.921050460725
"cg00707777",-0.0424446961310529,-0.0282964640873686,-2.7539782653538,0.00829592966056952,0.873414223378607,-3.92265795119423
"cg11854493",0.055849592948634,0.037233061965756,2.75371652118294,0.0083016432976386,0.873414223378607,-3.92329104262358
"cg25959131",0.0721414415840881,0.0480942943893922,2.752422063421,0.0083299535509995,0.873414223378607,-3.92642135894464
"cg00917471",0.0580307030621393,0.0386871353747596,2.75230018825414,0.00833262358732927,0.873414223378607,-3.92671602795568
"cg03836586",0.0524161749242763,0.0349441166161842,2.75213734634079,0.00833619235387391,0.873414223378607,-3.92710973132468
"cg03092680",0.0629170149687151,0.0419446766458101,2.75057045345561,0.00837060377550305,0.873414223378607,-3.93089714842722
"cg19131227",0.0657753120743002,0.0438502080495335,2.75025606405251,0.00837752402426666,0.873414223378607,-3.93165688649147
"cg26286839",-0.0514025554108818,-0.0342683702739211,-2.74876953775682,0.00841031654290639,0.873414223378607,-3.93524829894945
"cg19225308",0.0454314267860366,0.0302876178573577,2.74829808261676,0.00842074146872895,0.873414223378607,-3.93638702878689
"cg16336494",0.0575960382708417,0.0383973588472278,2.74809883894585,0.00842515077316613,0.873414223378607,-3.93686822960205
"cg02225847",0.0432433610825701,0.02882890738838,2.74730343588752,0.00844277443941541,0.873414223378607,-3.93878898453233
"cg23347399",0.0881588584483649,0.0587725722989099,2.74672819138011,0.00845554125529901,0.873414223378607,-3.94017784444353
"cg11802797",0.0459914860970911,0.0306609907313941,2.74563334043881,0.00847988927837256,0.873414223378607,-3.94282064854199
"cg02061229",-0.0776056104520743,-0.0517370736347161,-2.7450476446225,0.00849294090263881,0.873414223378607,-3.94423411486215
"cg02005600",-0.0787113839574594,-0.0524742559716396,-2.7449633079494,0.0084948217830992,0.873414223378607,-3.94443762744534
"cg06890747",0.037994942352268,0.0253299615681787,2.7440605035024,0.00851498025016031,0.873414223378607,-3.94661589736309
"cg27262717",0.0576225392655935,0.0384150261770623,2.74387224290127,0.00851918942290558,0.873414223378607,-3.94707006339707
"cg15085086",-0.0570004168091649,-0.0380002778727766,-2.74377681849588,0.00852132367583886,0.873414223378607,-3.94730025969876
"cg05677062",0.0522548519364633,0.0348365679576422,2.74311283043815,0.00853618802470437,0.873414223378607,-3.94890186472851
"cg23681866",-0.132159105562165,-0.0881060703747769,-2.74287585089315,0.00854149894707099,0.873414223378607,-3.94947341459992
"cg26320504",0.0677806080355979,0.045187072023732,2.74245379212772,0.00855096520539437,0.873414223378607,-3.95049125159407
"cg06841713",0.0354821686764795,0.023654779117653,2.7420153024607,0.0085608102335927,0.873414223378607,-3.95154859263472
"cg20636351",-0.0688014411770438,-0.0458676274513626,-2.74126789400164,0.00857761524010179,0.873414223378607,-3.95335055363123
"cg14677983",0.0532428289971901,0.03549521933146,2.74123734298092,0.00857830280708755,0.873414223378607,-3.95342420286847
"cg13638427",0.0462198579108278,0.0308132386072185,2.740965622682,0.00858442025323296,0.873414223378607,-3.95407921174143
"cg20430631",0.0653129087850412,0.0435419391900275,2.74045692369909,0.0085958837960647,0.873414223378607,-3.95530535428681
"cg15598244",0.0395802492536774,0.0263868328357849,2.74025447719002,0.00860044985737795,0.873414223378607,-3.95579327512327
"cg10525642",0.0531488979193778,0.0354325986129185,2.73938828759226,0.00862001151420284,0.873414223378607,-3.95788060157772
"cg08747963",0.0745814954185924,0.0497209969457281,2.73903107322699,0.00862809063051211,0.873414223378607,-3.95874126970053
"cg00099766",0.0497323251418549,0.0331548834279033,2.73834961412324,0.00864352255301036,0.873414223378607,-3.96038294260156
"cg27441048",-0.0450482470464121,-0.030032164697608,-2.7368341760746,0.00867793151916516,0.873414223378607,-3.96403265053133
"cg14566624",0.0406248998647469,0.027083266576498,2.73664442033787,0.00868224892493523,0.873414223378607,-3.96448954540284
"cg06836948",0.0454662395522966,0.0303108263681978,2.73635671552393,0.00868879868780874,0.873414223378607,-3.96518223855061
"cg18058048",0.0436648212842572,0.0291098808561714,2.7361342901765,0.0086938654478373,0.873414223378607,-3.96571772506903
"cg05532239",0.039449855252624,0.0262999035017493,2.73594792339113,0.00869811290501385,0.873414223378607,-3.96616637658087
"cg12654032",0.040077269127343,0.0267181794182287,2.73569199233805,0.00870394890768669,0.873414223378607,-3.96678245787343
"cg25554212",0.0361262633576874,0.0240841755717915,2.73338491483258,0.00875672039022935,0.873414223378607,-3.97233419503933
"cg13868361",-0.0554693438008555,-0.0369795625339036,-2.73195741432882,0.00878952015840156,0.873414223378607,-3.97576761296197
"cg26246740",0.040759757110185,0.02717317140679,2.73102595480854,0.00881098335810968,0.873414223378607,-3.97800724991295
"cg09624466",0.036740013944295,0.02449334262953,2.73096776904768,0.00881232570750597,0.873414223378607,-3.97814713549449
"cg16768191",-0.0408542907034806,-0.0272361938023205,-2.73084159034443,0.00881523730604107,0.873414223378607,-3.97845047683297
"cg18772205",0.0428869598642786,0.0285913065761857,2.73036763908424,0.00882618174462876,0.873414223378607,-3.97958979336701
"cg03517226",-0.0398726524446545,-0.0265817682964363,-2.7297318865106,0.00884088214482882,0.873414223378607,-3.9811178323716
"cg09063149",0.0403932406119035,0.0269288270746024,2.72906893524296,0.00885623547986106,0.873414223378607,-3.98271096714828
"cg16771771",0.0388493184667898,0.0258995456445265,2.7284417557368,0.00887078298290753,0.873414223378607,-3.98421787896874
"cg25170034",0.0639878926411381,0.042658595094092,2.72801344234809,0.00888073041016536,0.873414223378607,-3.98524683378853
"cg05766251",0.0353740830778053,0.0235827220518702,2.72738105282513,0.00889543622184354,0.873414223378607,-3.98676583343744
"cg19145218",0.0455854709876799,0.0303903139917866,2.7269224989403,0.00890611362476317,0.873414223378607,-3.98786711903275
"cg03874542",0.0361221616906046,0.0240814411270698,2.72685331391336,0.00890772561908732,0.873414223378607,-3.98803326546002
"cg03268893",0.0355720539159501,0.0237147026106334,2.72634052160277,0.00891968193662642,0.873414223378607,-3.98926462972819
"cg09581226",0.0508833085253983,0.0339222056835988,2.72461167787879,0.00896010085034659,0.873414223378607,-3.99341484229987
"cg21680449",0.0400288828393254,0.0266859218928835,2.72456559913145,0.00896118043719044,0.873414223378607,-3.99352543130034
"cg17031751",0.0393590123484085,0.0262393415656057,2.72452536192385,0.00896212325958845,0.873414223378607,-3.99362199948677
"cg10274029",-0.0402789627427699,-0.0268526418285133,-2.72434373570608,0.00896638019066896,0.873414223378607,-3.99405788442174
"cg00927777",0.0353835486463122,0.0235890324308748,2.7240119199354,0.00897416205387649,0.873414223378607,-3.99485415457369
"cg16391678",-0.0426617343739114,-0.0284411562492743,-2.72347501742879,0.00898676686181434,0.873414223378607,-3.99614242854691
"cg00382999",0.0713105841740254,0.0475403894493503,2.72272139204827,0.00900448715925198,0.873414223378607,-3.99795040640174
"cg10211414",0.0683379200168106,0.0455586133445404,2.72240620860644,0.00901190773334959,0.873414223378607,-3.9987064357837
"cg01028017",0.0535271386125232,0.0356847590750154,2.72237005743766,0.00901275922436639,0.873414223378607,-3.998793147371
"cg00046336",0.0511071252443906,0.0340714168295938,2.72234468984871,0.00901335676724021,0.873414223378607,-3.99885399314191
"cg08038033",0.0538041179258179,0.0358694119505453,2.72136620097185,0.00903643329558866,0.873414223378607,-4.00120064437279
"cg03699904",0.0439058618584252,0.0292705745722835,2.72078639612668,0.00905013298060607,0.873414223378607,-4.00259086450563
"cg21602614",0.0436886639297326,0.029125775953155,2.71955535194788,0.00907928364493422,0.873414223378607,-4.00554186755651
"cg19139729",0.0411047233062528,0.0274031488708352,2.71768432830127,0.00912375437162712,0.873414223378607,-4.01002512904165
"cg18132363",0.0662675162485539,0.0441783441657026,2.7162757753308,0.00915736525310511,0.873414223378607,-4.01339874935248
"cg01853216",0.0428880093827686,0.0285920062551792,2.71605396974139,0.00916266835260784,0.873414223378607,-4.01392987845716
"cg03999941",-0.0502551605006385,-0.0335034403337591,-2.71588752417631,0.00916664971843767,0.873414223378607,-4.01432842322799
"cg04995300",0.0688559214467117,0.0459039476311411,2.71523999081771,0.00918215382328206,0.873414223378607,-4.01587873618498
"cg08022543",0.0355092574466806,0.0236728382977871,2.71455723832032,0.00919852733246957,0.873414223378607,-4.01751307696405
"cg07197230",0.0648934335327648,0.0432622890218432,2.7132914160863,0.00922895491885914,0.873414223378607,-4.02054234609902
"cg12050358",0.0532838202086853,0.0355225468057902,2.71317867232188,0.00923166951950672,0.873414223378607,-4.02081210566608
"cg09643054",0.0679314142586807,0.045287609505787,2.71308720970301,0.00923387226088548,0.873414223378607,-4.02103094026259
"cg25767154",0.051942565922972,0.0346283772819813,2.71300662232546,0.00923581348910147,0.873414223378607,-4.02122375014245
"cg14241662",0.0679093116138606,0.0452728744092404,2.71252672874132,0.00924738118108719,0.873414223378607,-4.02237183590869
"cg23068499",0.0424677794614356,0.0283118529742903,2.7103022737179,0.00930117536312308,0.873414223378607,-4.02769162391787
"cg25120945",0.0350131062811738,0.0233420708541159,2.71029431832162,0.00930136826486672,0.873414223378607,-4.02771064352024
"cg11330098",0.0450156311127681,0.0300104207418454,2.71005410831706,0.00930719458989008,0.873414223378607,-4.02828491352017
"cg18359530",0.0450028692663065,0.0300019128442043,2.70989573740307,0.00931103773389983,0.873414223378607,-4.02866351041248
"cg16794070",0.0352858059469894,0.0235238706313263,2.70910881604965,0.00933015540477852,0.873414223378607,-4.03054446107891
"cg06178073",0.0813468248753994,0.0542312165835996,2.70861488176758,0.00934217361579599,0.873414223378607,-4.03172489031246
"cg13935558",0.0675866723608241,0.0450577815738827,2.70736861313598,0.00937256066374397,0.873414223378607,-4.03470258463108
"cg04259720",0.0357600617502053,0.0238400411668035,2.70718931018655,0.00937693997923153,0.873414223378607,-4.03513090823772
"cg09580393",0.0378124377234903,0.0252082918156602,2.70705541054175,0.00938021158710047,0.873414223378607,-4.03545075765965
"cg22023627",0.0488752363461742,0.0325834908974495,2.70674171862084,0.00938788022299595,0.873414223378607,-4.03620003592456
"cg16151795",0.0599546874030354,0.0399697916020236,2.70610733660496,0.00940340620477809,0.873414223378607,-4.0377151134315
"cg09508496",-0.081800034044655,-0.05453335602977,-2.705441432753,0.00941972906766804,0.873414223378607,-4.03930519331027
"cg26684601",0.0379610597930064,0.0253073731953375,2.70524052974824,0.00942465878672276,0.873414223378607,-4.03978486356218
"cg17066403",0.0449107156126843,0.0299404770751229,2.70481874066638,0.00943501628847605,0.873414223378607,-4.04079183000155
"cg06042504",-0.0507770229084746,-0.0338513486056498,-2.70475148897853,0.00943666869628976,0.873414223378607,-4.04095237398386
"cg24959134",-0.0723439964835078,-0.0482293309890052,-2.70451815430092,0.00944240391113853,0.873414223378607,-4.04150937041701
"cg02419321",0.0409831891134742,0.0273221260756495,2.70381884456105,0.00945961170088322,0.873414223378607,-4.04317849104343
"cg25792581",0.0377748776746886,0.0251832517831257,2.70297512306573,0.00948041139965072,0.873414223378607,-4.04519187343102
"cg20420651",0.0400351676143647,0.0266901117429098,2.70273449029265,0.00948635126261579,0.873414223378607,-4.0457660136322
"cg04679902",0.0622760387901386,0.0415173591934257,2.70261427893657,0.00948931988347053,0.873414223378607,-4.04605281907246
"cg22405774",0.0407306930818526,0.0271537953879017,2.70118260531519,0.00952474082661055,0.873414223378607,-4.04946784738658
"cg18410945",0.0620804786321676,0.0413869857547784,2.70028864632517,0.00954691983516553,0.873414223378607,-4.05159956922179
"cg21710826",0.066098331275516,0.0440655541836774,2.69952114511384,0.00956599932467785,0.873414223378607,-4.05342932793488
"cg21185109",0.0637693696950143,0.0425129131300095,2.69843505426461,0.00959305863007998,0.873414223378607,-4.05601796587702
"cg21667367",0.0480615712406315,0.0320410474937542,2.69822904116594,0.00959819925827563,0.873414223378607,-4.05650890038617
"cg17738213",0.0449083578313059,0.0299389052208706,2.6982008849854,0.00959890203389333,0.873414223378607,-4.05657599514753
"cg21842274",0.0524306503079085,0.034953766871939,2.69796840625789,0.00960470648951276,0.873414223378607,-4.05712996058412
"cg09117237",-0.035223971234496,-0.023482647489664,-2.69787033743673,0.00960715600869449,0.873414223378607,-4.0573636348263
"cg17526229",0.0395997728387026,0.0263998485591351,2.69735665832565,0.00961999584286841,0.873414223378607,-4.05858750566324
"cg03870862",0.0566902539382889,0.037793502625526,2.69725682302429,0.0096224931393557,0.873414223378607,-4.05882534927794
"cg19021383",0.0645075329178331,0.0430050219452221,2.6969649064344,0.00962979860846602,0.873414223378607,-4.05952076250414
"cg25939793",0.038232823551778,0.0254885490345186,2.69689805371906,0.00963147237391087,0.873414223378607,-4.05968001343425
"cg14564793",-0.0374591694004074,-0.0249727796002716,-2.69651919271713,0.00964096282379125,0.873414223378607,-4.06058244948063
"cg00121876",0.0722168813695801,0.04814458757972,2.69640867554686,0.0096437328930381,0.873414223378607,-4.0608456806437
"cg00741945",-0.0497991945546472,-0.0331994630364315,-2.69635064825429,0.00964518761717924,0.873414223378607,-4.06098388758973
"cg00350942",0.047501514322115,0.0316676762147433,2.69578282504864,0.00965943339890018,0.873414223378607,-4.06233618938146
"cg25320499",0.0458580032967318,0.0305720021978211,2.69575878514912,0.00966003694838693,0.873414223378607,-4.06239343708448
"cg23847069",-0.0458593149498934,-0.0305728766332623,-2.69545046006515,0.00966778088086249,0.873414223378607,-4.06312763742284
"cg18094999",0.0407627923344086,0.0271751948896057,2.69481398943036,0.00968378461321171,0.873414223378607,-4.06464304025038
"cg22098660",-0.0504608913558714,-0.0336405942372475,-2.69415467686021,0.00970038837313274,0.873414223378607,-4.0662125508363
"cg14209399",0.0543686671830829,0.0362457781220553,2.69358520962442,0.0097147505784823,0.873414223378607,-4.06756795480187
"cg11605355",0.0441585646158156,0.0294390430772103,2.69145082175611,0.00976875484926672,0.873414223378607,-4.07264619075145
"cg01460436",0.0394175169401686,0.0262783446267791,2.69127683074365,0.00977316931022656,0.873414223378607,-4.07306002768847
"cg02071572",-0.0665387216414646,-0.0443591477609764,-2.69067261473764,0.00978851358648277,0.873414223378607,-4.07449700006208
"cg02153855",0.0476723140382487,0.0317815426921659,2.68993364201855,0.00980731015534212,0.873414223378607,-4.07625413356143
"cg18477771",0.0530596586251445,0.0353731057500964,2.68880504775183,0.00983608119458474,0.873414223378607,-4.07893702517912
"cg16411857",-0.0392936101289636,-0.0261957400859757,-2.68858304460046,0.00984174980020085,0.873414223378607,-4.07946467290689
"cg05280527",-0.0562174920588757,-0.0374783280392505,-2.68790494648351,0.00985908288214154,0.873414223378607,-4.08107614911549
"cg19319393",0.0440585649250984,0.0293723766167322,2.6878308707678,0.00986097805370105,0.873414223378607,-4.08125216928607
"cg19408398",0.0722701723692917,0.0481801149128611,2.68690117918994,0.00988479199732294,0.873414223378607,-4.08346101663507
"cg01963224",0.0407195157639766,0.0271463438426511,2.68571507702685,0.00991525058273814,0.873414223378607,-4.0862782501824
"cg27430293",0.0523915833000594,0.0349277222000397,2.68481904901979,0.00993831734203645,0.873414223378607,-4.08840589051086
"cg16396933",0.0504804334782591,0.0336536223188394,2.68408585427567,0.00995722889369708,0.873414223378607,-4.09014648976355
"cg01829672",0.0511000345328413,0.0340666896885608,2.6832787057306,0.00997808618902407,0.873414223378607,-4.09206224929726
"cg08305696",0.0357592341549043,0.0238394894366028,2.68308330966469,0.00998314139347055,0.873414223378607,-4.09252595612691
"cg13740815",0.0430072316824421,0.0286714877882948,2.68264592897146,0.00999446565055405,0.873414223378607,-4.09356384175845
