"","logFC","AveExpr","t","P.Value","adj.P.Val","B"
"cg26591930",0.10883614315981,0.0671542159922229,5.09294154107456,6.23563952306982e-06,0.0408265795370194,2.62822810712736
"cg04773818",-0.108144194665589,-0.0667272690489801,-4.96938374965233,9.46513113534396e-06,0.0408265795370194,2.21746565187892
"cg05191076",-0.100231958361106,-0.0618452509036613,-4.81184200012036,1.6055834333152e-05,0.0408265795370194,1.69828616540144
"cg20449685",-0.101716605836002,-0.0627613099839163,-4.4551564760863,5.21789912978252e-05,0.0487526455173242,0.544770603666407
"cg26872137",-0.102898882156316,-0.063490799628365,-4.37355067523951,6.80563522815649e-05,0.0494039736509531,0.285722449127464
"cg02320481",-0.111353352976902,-0.0687073880070247,-4.35467819793943,7.23517136045565e-05,0.0494039736509531,0.226096596556085
"cg00674365",-0.119126741498553,-0.0735037341161284,-4.19272541437441,0.000121868381144559,0.0499049221598354,-0.280985107722438
"cg00490655",-0.112411868341222,-0.0693605145084135,-4.10182712609721,0.000162785467256167,0.0506311341313417,-0.561797679550055
"cg13500072",-0.104016649467493,-0.0641804858416449,-4.07875487286178,0.000175130811408087,0.0512400593712911,-0.632618457650238
"cg19078576",-0.119410114302034,-0.0736785811650845,-4.0442065521879,0.000195331294581943,0.0526253363586927,-0.738310444280502
"cg00335712",-0.104694718306393,-0.0645988687422425,-4.03000240877437,0.000204276456367432,0.052789363279686,-0.781639481567013
"cg25984344",-0.100772761320819,-0.0621789378362503,-4.0038214986882,0.000221815433244133,0.052789363279686,-0.861309675704606
"cg12204732",-0.105654874046321,-0.0651913052626233,-3.99369928334298,0.000228980296632317,0.0530804878776594,-0.89204442815714
"cg19509778",0.130919359216485,0.0807800301548526,3.99306257523073,0.000229438397303066,0.0530804878776594,-0.893976435124391
"cg22620221",-0.102735905400922,-0.0633902395026966,-3.98868344051392,0.000232613241702026,0.0532115319155678,-0.907260253760749
"cg14603345",-0.115010654340625,-0.0709640207633643,-3.85960245359812,0.000347830804763149,0.0555485357401661,-1.29553716942157
"cg06906472",-0.103411340769892,-0.0638069974963163,-3.84053865086024,0.000368955252648743,0.055733943199496,-1.35232925789459
"cg08641579",-0.103229361458231,-0.0636947123891214,-3.83444815424702,0.000375961190604909,0.0559921045953927,-1.37044245411118
"cg09907509",-0.121546472732789,-0.0749967597712954,-3.73689760634375,0.000507268036789772,0.0597660580858287,-1.65849040237738
"cg00735667",-0.111861928362393,-0.0690211898406256,-3.66930731600056,0.000623049327181946,0.0617823174338812,-1.8557241920042
"cg08169020",0.101360590035965,0.0625416406604886,3.55218428781814,0.000886148810910992,0.065384406630229,-2.19274257894896
"cg04415176",-0.113106932221223,-0.0697893837109673,-3.42673646826119,0.00128472139327552,0.0698933991322843,-2.5467022816827
"cg14875171",-0.11760932195398,-0.0725674539716049,-3.38834958930802,0.00143752890300903,0.0714965313362055,-2.65350279602066
"cg18246227",0.138104010358605,0.0852131127744587,3.29618599301788,0.00187804745332694,0.075920265061932,-2.90692334938313
"cg25147376",-0.104272890170293,-0.0643385918072018,-3.28571012619252,0.00193554123165011,0.0765510735634461,-2.93545534796304
"cg03817667",-0.100890945823458,-0.0622518601889421,-3.27630944951878,0.00198855047532085,0.0771693475437961,-2.9610107298538
"cg05681977",0.104205665842802,0.0642971129668351,3.22974780246876,0.00227200250590493,0.0798077459474844,-3.08690797123412
"cg14669379",-0.11212509757604,-0.0691835708447908,-3.11122245896334,0.00317558826200422,0.0873484853906614,-3.40216713038061
"cg03198009",0.101437997753807,0.0625894028693703,2.91526080289505,0.00544463980473036,0.103238014286934,-3.90615589178756
"cg15570656",0.151025757493063,0.0931861056872089,2.90735806830834,0.00556212903742005,0.104107446374585,-3.92601129701988
"cg24463073",0.106160923924675,0.0655035488045866,2.86575844953246,0.00622047195363952,0.108486377106232,-4.02991085248761
"cg22905511",0.103348251029863,0.0637680697843838,2.86215714151716,0.00628074663843334,0.108888949843668,-4.0388563159699
"cg09937190",-0.114868553886902,-0.070876341760003,-2.71902705572026,0.00916435536611672,0.124865988110712,-4.38789366763226
"cg16874583",0.125757370601607,0.0775949733499276,2.70188340691983,0.00958169842844166,0.127028545634964,-4.42883471471703
"cg20356637",-0.113900047716027,-0.0702787528460592,-2.6592494472608,0.0106965218024268,0.132739368987416,-4.52982808808302
"cg17178900",0.139099605355935,0.0858274160706835,2.64028341809551,0.0112297311782117,0.135450184790318,-4.57437579225699
"cg18516195",0.110539745770195,0.0682053750496947,2.59894155729455,0.0124774188792691,0.141567605926304,-4.67066010120742
"cg14906510",0.143992517896944,0.0888464472130081,2.51759144383459,0.0153093147494875,0.154383979182709,-4.85678869974106
"cg25301532",0.103726876147302,0.0640016895376971,2.49319899836173,0.0162658088135792,0.15852669720425,-4.91172321295945
"cg25303761",-0.102327575103335,-0.0631382910212067,-2.4916354288859,0.0163289314670384,0.158838478568563,-4.91523061796275
"cg25828445",0.159682735941597,0.0985276455809852,2.460758818728,0.0176218132819696,0.164240837928966,-4.98414735000648
"cg16885113",0.119321059780551,0.0736236326305531,2.41741577662184,0.0195930425919176,0.172260396926469,-5.07976992419882
"cg04282082",-0.115287359571405,-0.0711347537781009,-2.33350154303934,0.0239829647336446,0.189579268540473,-5.26112417786462
"cg08477332",-0.166857570463755,-0.102954671137211,-2.32496097442099,0.0244758335307637,0.191262750265525,-5.27929894459949
"cg08624648",-0.113857872738469,-0.0702527299875657,-2.20330009240489,0.032547120008317,0.219235429212422,-5.53240315469234
"cg24875593",-0.105257738187276,-0.0649462639878938,-2.1051512690378,0.0406900456268721,0.242957293828032,-5.72852682364317
"cg18232235",-0.152694298447896,-0.0942156309572126,-2.08935211205943,0.042155455700602,0.246773043266048,-5.75940944657623
