"","logFC","AveExpr","t","P.Value","adj.P.Val","B"
"cg08665844",-0.120488821795344,0.0527138595354632,-7.4927108282861,1.33953952015397e-06,0.0289002973031922,5.20701073884053
"cg17372223",0.108987460559858,-0.0476820139949378,6.92603195629799,3.54255546528418e-06,0.0367244916567793,4.2041608030807
"cg25540032",0.111961653202023,-0.0489832232758849,5.28979842872373,7.49928189673681e-05,0.0705737872966162,1.06795169939408
"cg02599361",-0.161665978530902,0.0707288656072695,-5.17125358001639,9.48445014637261e-05,0.0739757297613133,0.827928230064342
"cg17733447",0.106770637094815,-0.0467121537289818,5.16965932373072,9.51456331335219e-05,0.0739757297613133,0.824690109158998
"cg01516881",0.169975905784632,-0.0743644587807765,5.07790875122762,0.000114245955786356,0.0794611647753665,0.63789414238432
"cg04317927",0.153588341195372,-0.0671948992729752,5.0640995149814,0.000117445505279147,0.0795907559084687,0.609706204101626
"cg14942863",-0.148267038242226,0.0648668292309737,-5.01884917974318,0.000128591175972838,0.08261657294333,0.517208091261288
"cg26853787",-0.149581650700324,0.0654419721813917,-5.00868816030131,0.00013124021678163,0.0827578011881959,0.496410188106585
"cg03786043",-0.112907032701663,0.0493968268069775,-4.99142404300753,0.000135870492068955,0.0831630342199492,0.461050761627305
"cg08035234",-0.131279413396181,0.0574347433608291,-4.84900872444743,0.000181091514845114,0.0870278648604446,0.168311689876564
"cg23615741",-0.144280283034386,0.0631226238275437,-4.74323191073681,0.000224486381016523,0.0938761317469808,-0.0502582332581198
"cg17502594",-0.137204867056589,0.0600271293372578,-4.73570265241614,0.000227955434534232,0.0939252322584256,-0.0658509031667434
"cg05779458",-0.17003612360443,0.074390804076938,-4.67611948822952,0.000257419915000279,0.0969555631411086,-0.189398908536481
"cg10634136",-0.125670700770519,0.0549809315871019,-4.5724022984292,0.000318347261973606,0.104216840498728,-0.40507913550919
"cg15903032",-0.101726565862538,0.0445053725648605,-4.53813363665144,0.000341571359862877,0.10693228009431,-0.476501354402152
"cg02676175",0.1048406574814,-0.0458677876481127,4.5355108601681,0.000343418647424161,0.106973751843804,-0.481970800817786
"cg03536711",-0.124931393025539,0.0546574844486735,-4.51566621201194,0.000357730621594934,0.109549710738319,-0.523368042938507
"cg08521225",-0.208006050936946,0.0910026472849137,-4.44219668116136,0.000416234008816888,0.114693515971226,-0.67683453812194
"cg07243930",-0.104579372283393,0.0457534753739844,-4.34941988523368,0.00050430158186581,0.122327256079655,-0.871046690746096
"cg11235426",0.169607003801311,-0.0742030641630734,4.28503545714529,0.000576380845515474,0.124235752543286,-1.00605966779302
"cg19021188",0.100405334722592,-0.0439273339411339,4.26245131936718,0.000604077951289354,0.125667170367583,-1.05345790774898
"cg16678564",-0.240099720057171,0.105043627525012,-4.2333337947532,0.000641795621274089,0.127861056468202,-1.11459538756332
"cg06964475",-0.113140478654922,0.0494989594115283,-4.23102618534526,0.000644885299974777,0.127977693531913,-1.11944187566323
"cg00601450",0.100893675262584,-0.0441409829273805,4.20643948936693,0.000678758124446398,0.129642973162111,-1.17109004587424
"cg09365446",0.131779960248015,-0.0576537326085066,4.18001125042961,0.000717187394182747,0.131423986290896,-1.22662712368959
"cg01053087",0.159354937283926,-0.0697177850617177,4.14467431530463,0.000772046734812516,0.134578644324978,-1.30091474392328
"cg08662227",-0.108478915128385,0.0474595253686683,-4.13889800026225,0.000781410952526621,0.134578644324978,-1.31306099678086
"cg02697649",-0.147126819926791,0.064367983717971,-4.11704273322875,0.000817896089427501,0.136822076654273,-1.35902420119316
"cg06146665",0.167765705355716,-0.0733974960931257,4.01572900648361,0.00101094381130521,0.144948194710351,-1.57219879407966
"cg22157099",-0.150551291544551,0.065866190050741,-3.99171177253576,0.00106310932179785,0.146799722632454,-1.6227494892605
"cg09429437",-0.157175718025181,0.0687643766360166,-3.98411352010154,0.0010801731422594,0.147434883721882,-1.63874262899435
"cg09768983",-0.237874022277772,0.104069884746525,-3.98179988710538,0.00108542378670379,0.147501842194034,-1.64361250524144
"cg26964426",-0.109150424243549,0.0477533106065527,-3.95391672433478,0.00115076910089701,0.149217358551341,-1.70230339726723
"cg11912591",-0.136619097646712,0.0597708552204364,-3.94233786927956,0.00117905951729343,0.149217358551341,-1.72667552471033
"cg23180489",0.109923304446799,-0.0480914456954746,3.94122285407144,0.00118182062329646,0.149217358551341,-1.729022485975
"cg02004499",-0.114883939412745,0.0502617234930759,-3.93513975117058,0.00119699956635552,0.149217358551341,-1.74182655856029
"cg04729491",-0.139607560943683,0.0610783079128612,-3.93033144711434,0.00120913673008722,0.149550085432601,-1.75194726871439
"cg15695738",-0.121381870059493,0.0531045681510281,-3.92837691540899,0.00121410582508636,0.149608029723932,-1.75606121814041
"cg21548813",0.197259665875016,-0.0863011038203193,3.92556743289394,0.00122128463797073,0.149849524380869,-1.76197466020982
"cg26964629",-0.120650325219795,0.0527845172836603,-3.82938009656456,0.00149470019190308,0.157272224155293,-1.96438706461178
"cg03395511",0.219597286605271,-0.0960738128898059,3.79410430874844,0.00160977280602865,0.16140857828289,-2.03858327554843
"cg14921437",-0.100593906027054,0.0440098338868359,-3.76489540295702,0.0017117747847374,0.164717247497859,-2.09999647951103
"cg21650737",0.179215842069951,-0.0784069309056038,3.75913619259161,0.00173264140487813,0.165364328733875,-2.11210274972617
"cg20699586",0.102854069615643,-0.0449986554568437,3.74580187483056,0.00178194061612197,0.165850334063265,-2.14012862308179
"cg10857441",0.125192931620259,-0.0547719075838632,3.72881435997505,0.00184679359121912,0.167415895605517,-2.17582452958826
"cg14419141",0.116196422849358,-0.050835934996594,3.72720586015873,0.0018530559009928,0.167668441249432,-2.17920397244919
"cg08608086",-0.142175094270981,0.0622016037435541,-3.72523071199727,0.00186077485070024,0.16799215640215,-2.18335361738241
"cg22920932",0.10894744405903,-0.0476645067758258,3.71276771101238,0.00191023095073965,0.169322995918575,-2.20953429550592
"cg24875593",0.198030382408324,-0.0866382923036418,3.69834446144059,0.00196911558120847,0.170447897427071,-2.23982562496529
"cg25307371",0.13718485326973,-0.0600183733055071,3.6887749938715,0.00200918602582563,0.171675408145201,-2.25991868532818
"cg07893968",-0.157311447358479,0.0688237582193346,-3.6652411983954,0.00211124405924692,0.174262315977694,-2.3093164843992
"cg02964324",0.201283163204599,-0.088061383902012,3.66374751503352,0.00211789440566313,0.174381850269615,-2.31245093395431
"cg10208897",-0.123661683265769,0.054101986428774,-3.66109531318403,0.00212975463714057,0.174763507163777,-2.31801625150044
"cg05624577",-0.121862888677055,0.0533150137962116,-3.62577695764863,0.00229418700306503,0.178029637706543,-2.39209569098702
"cg15001016",-0.101059849874152,0.0442136843199415,-3.58713504516373,0.00248869433251693,0.181625463020092,-2.47307226184587
"cg14053225",-0.126464744428098,0.0553283256872927,-3.58095341015348,0.00252130625110062,0.182504877113755,-2.48601845454997
"cg26072254",-0.130634848625373,0.0571527462736006,-3.57572425156675,0.00254922676087745,0.183096887444085,-2.49696810599696
"cg00533202",0.111905418072912,-0.0489586204068991,3.56992264611667,0.00258056574693535,0.183681099343537,-2.50911450666493
"cg18002480",0.132176087511894,-0.0578270382864536,3.53227216175851,0.00279351697773685,0.188410703271362,-2.58788881975682
"cg26494441",0.114551660067825,-0.0501163512796736,3.5320788042924,0.00279465472872781,0.188410703271362,-2.58829313112131
"cg18727742",0.127080439050959,-0.0555976920847946,3.51579951587629,0.00289212326298445,0.190578463983452,-2.62232391491795
"cg22307444",0.121762421679306,-0.0532710594846964,3.51570163434419,0.00289271945353586,0.190578463983452,-2.622528473517
"cg04221606",-0.11960000233898,0.0523250010233037,-3.51194529339463,0.00291569202319536,0.19101241831688,-2.63037817873125
"cg15034848",0.107333579760794,-0.0469584411453472,3.49849894041037,0.00299942803813051,0.192334457702801,-2.6584689120661
"cg02573091",0.158271965239337,-0.06924398479221,3.46890596884624,0.00319226043912265,0.195576124235976,-2.72024340103906
"cg11045746",0.149552820181139,-0.0654293588292482,3.4641407125156,0.00322444661002989,0.196125705861314,-2.73018430872563
"cg26668828",0.14800692839292,-0.0647530311719026,3.44769070244788,0.00333806060817544,0.197579063186458,-2.76448677031307
"cg21594961",0.325353960748369,-0.142342357827412,3.44503759119067,0.00335675443477953,0.197934387796278,-2.77001707151928
"cg07044276",-0.141884031934622,0.0620742639713972,-3.44503218270591,0.0033567926492598,0.197934387796278,-2.77002834467518
"cg23942311",0.145946528152094,-0.0638516060665412,3.43125451835191,0.00345556050758523,0.199947066882202,-2.79873763937447
"cg12846737",0.115486722649651,-0.0505254411592223,3.40445805727415,0.00365601398801143,0.202971931512326,-2.85452693663889
"cg19827875",-0.113773412719557,0.0497758680648064,-3.40034994938096,0.00368775124184436,0.203504041913693,-2.86307408216328
"cg16530595",0.117473801273679,-0.0513947880572345,3.37003277923501,0.00393059110475793,0.208704800855074,-2.926100885196
"cg05197062",0.118088109669118,-0.0516635479802393,3.34135765751713,0.00417487213841686,0.212232331677372,-2.98562976756497
"cg21721718",0.141884487935361,-0.0620744634717204,3.32692892126416,0.00430342852365481,0.214187560493748,-3.01555094894961
"cg10906729",-0.100528892226297,0.0439813903490048,-3.31363267457394,0.00442536707795577,0.216494924240667,-3.0431036537508
"cg14789911",0.126130467965559,-0.0551820797349318,3.30260458058278,0.00452909847920984,0.217711396950542,-3.06594132968099
"cg17866650",0.115921784081307,-0.0507157805355719,3.30082010260613,0.00454610847289252,0.217801060127296,-3.06963544658069
"cg00766289",0.13723107571955,-0.060038595627303,3.29328336707319,0.00461865103293648,0.218135894153945,-3.08523351016271
"cg27638615",-0.112162248745688,0.0490709838262387,-3.27361624489606,0.00481339471483349,0.220524824402948,-3.12590547735085
"cg14886572",0.108031243994293,-0.0472636692475033,3.26631221371239,0.00488777073866511,0.22097393116829,-3.14099861387571
"cg00862290",0.115321808979664,-0.050453291428603,3.22260557440431,0.00535718260356096,0.226654077157644,-3.23117601139598
"cg10218876",0.104422042390244,-0.0456846435457318,3.19267495472502,0.00570406046079701,0.231382995681983,-3.2927866158076
"cg02772121",0.119090296992475,-0.0521020049342078,3.14555737774195,0.0062955141135262,0.237011874177924,-3.38952276047535
"cg06741568",-0.128587992712893,0.0562572468118909,-3.10829270481859,0.00680570634440106,0.242646949095334,-3.4657971968068
"cg25125450",0.124975986541478,-0.0546769941118967,3.08817300405899,0.00709784994201205,0.244959088835768,-3.50688853793006
"cg05215994",0.107024725854969,-0.0468233175615487,3.05590961768924,0.00759222775384329,0.249291924366809,-3.57264326453237
"cg16557370",0.125815302624359,-0.055044194898157,3.04719350195723,0.00773148444098295,0.250356115246466,-3.59037714106651
"cg01903420",0.120971851950827,-0.052925185228487,3.04627079670702,0.00774637223108231,0.25050285720538,-3.59225371972778
"cg13438944",0.364601081525522,-0.159512973167416,3.03570351709979,0.00791889152560035,0.252964289914924,-3.6137346928566
"cg09309269",-0.101127471018847,0.0442432685707456,-3.02740182903881,0.00805705913077371,0.254631866753227,-3.63059648721275
"cg13942283",-0.104690746729826,0.0458022016942989,-3.00550548346426,0.00843291329966549,0.2584959634509,-3.67501171404892
"cg13468767",-0.157393204537066,0.0688595269849662,-2.99079333681577,0.00869503246178248,0.260850048387833,-3.70480516445913
"cg02995710",-0.112186685317848,0.0490816748265587,-2.98615369688082,0.00877933533862647,0.261708209150928,-3.71419251624115
"cg00406010",-0.114553843177176,0.0501173063900146,-2.97321811432501,0.00901861856354385,0.263729939569351,-3.74034354655383
"cg20220242",0.105426212593092,-0.0461239680094776,2.95216029275233,0.00942184183642254,0.26726638560409,-3.78284607117304
"cg03400443",-0.11458897826912,0.05013267799274,-2.94100586038104,0.00964250774892823,0.269181021874469,-3.80532467864467
"cg06060522",0.108556745609509,-0.0474935762041603,2.9322119971105,0.00982002193468095,0.271047920629859,-3.8230287322035
"cg19806221",0.126968277421314,-0.0555486213718249,2.89376482340457,0.0106342509953675,0.277610150150659,-3.90024587618207
"cg06546677",-0.175199141400778,0.0766496243628404,-2.88534702766917,0.0108211029510402,0.279051659848549,-3.91711081400992
"cg07018435",-0.144050442356896,0.063022068531142,-2.87804341966617,0.0109858077139238,0.279720714605589,-3.93173118487462
"cg03904042",-0.117912642757989,0.0515867812066201,-2.83571460905511,0.0119894433801221,0.286367252927058,-4.01623434201545
"cg08551532",0.13030636851196,-0.0570090362239823,2.83211750990501,0.0120787227935118,0.286939329478559,-4.02339687142037
"cg01773685",0.102981630800503,-0.0450544634752202,2.8241642569457,0.0122784163720217,0.28843580271475,-4.03922281817025
"cg24765188",0.14634084814796,-0.0640241210647327,2.82104733324553,0.0123575474429087,0.288623172702761,-4.04542111208339
"cg02439789",0.109848038995416,-0.0480585170604943,2.79714089533195,0.0129811251620449,0.291437722361258,-4.09288569200799
"cg14157435",0.103265549290794,-0.0451786778147223,2.79079952467226,0.0131515823280956,0.292570965954059,-4.10545329789856
"cg27597505",0.108401555939938,-0.0474256807237228,2.78926495270447,0.0131931563359093,0.292898667404197,-4.1084931284174
"cg09381666",0.108868256342386,-0.0476298621497939,2.74642475231002,0.0144064400489921,0.300196078430277,-4.19312233920761
"cg27071793",0.122914916166296,-0.0537752758227544,2.74508379086457,0.0144461063625526,0.300587586932065,-4.19576397210881
"cg27573991",-0.159473576031005,0.0697696895135646,-2.74475114336071,0.0144559625515515,0.300591429832929,-4.19641920192642
"cg06726860",-0.101090274364215,0.0442269950343438,-2.74225236550818,0.0145302079556329,0.301173595348118,-4.20134025144478
"cg16681597",-0.170332642806791,0.0745205312279712,-2.68684703316381,0.0162741335477811,0.311379426493057,-4.31003799584538
"cg10151737",-0.105626407051116,0.0462115530848632,-2.67611793107882,0.0166343728934734,0.313449344132106,-4.33099252293818
"cg16440561",0.121805228312396,-0.0532897873866734,2.66470268756657,0.0170260627767495,0.316094348013002,-4.35325248131021
"cg08242633",0.119783233774434,-0.052405164776315,2.65180549753319,0.017479261828521,0.319306904170311,-4.37835874701777
"cg12628061",-0.101121483011285,0.0442406488174374,-2.64601674794887,0.0176864193068413,0.320158281870522,-4.38961221837568
"cg05200811",0.107860771140791,-0.0471890873740961,2.63947669876936,0.0179232969008968,0.321508856734637,-4.40231481962762
"cg05004142",-0.121241743091308,0.053043262602447,-2.63423726104463,0.0181152591822064,0.323015146528491,-4.41248247807681
"cg15931921",-0.121893589925081,0.0533284455922231,-2.6268658462472,0.0183886728974331,0.324634169197054,-4.42677412025496
"cg21144063",-0.109197260295857,0.0477738013794373,-2.59858114479408,0.0194749214145741,0.32980866526276,-4.48146552600329
"cg08767686",-0.129975801482336,0.0568644131485218,-2.57914376112317,0.0202566974442495,0.333829147131954,-4.51891212327613
"cg26968378",0.11492382199555,-0.0502791721230532,2.57430848676484,0.0204557808412369,0.33475332550081,-4.52820966933752
"cg12319143",-0.122758618604652,0.053706895639535,-2.57203713553079,0.020549943185339,0.335512421737535,-4.53257469469635
"cg24217726",0.108888356754456,-0.0476386560800744,2.56275857918625,0.0209389150762403,0.33750241690468,-4.55038956200568
"cg13499318",0.141328834945013,-0.0618313652884432,2.51213172129607,0.0231879661834087,0.348740603670333,-4.64711853566992
"cg25390787",0.138646511364492,-0.0606578487219653,2.49295618602702,0.0240983809009079,0.353025833626914,-4.68354064924682
"cg10366028",0.102043571074014,-0.0446440623448812,2.47353748447651,0.0250548607780212,0.356569470574309,-4.72030058728397
"cg01863042",0.136180675445231,-0.0595790455072886,2.47093649737717,0.0251856751217429,0.357305676348692,-4.72521469384092
"cg12076350",0.138582981227577,-0.0606300542870648,2.47060454112401,0.025202417076605,0.35736490652442,-4.72584170216179
"cg18268631",-0.188374303194609,0.0824137576476413,-2.44743763608061,0.0263972194325703,0.362283511140613,-4.76950725413857
"cg26038582",0.109267167333828,-0.0478043857085497,2.43813978023088,0.0268916571989039,0.363772307662855,-4.78698011272431
"cg01421019",-0.115370590419716,0.0504746333086256,-2.43464443108251,0.0270797862468521,0.364508419138963,-4.79354090927031
"cg13903179",0.106832832290859,-0.0467393641272506,2.43361075877478,0.0271356591656031,0.364746418890578,-4.79548030115115
"cg01076129",0.10770132904082,-0.0471193314553586,2.42776988309673,0.0274534275961637,0.365859346716462,-4.80643199624823
"cg02452435",0.13003275794264,-0.0568893315999049,2.41407374479805,0.0282123937815568,0.368851423468265,-4.83206512393442
"cg09035930",0.149027894841709,-0.0651997039932477,2.39451074374704,0.0293308682066064,0.374733169329107,-4.8685621114013
"cg08083251",0.113198175336985,-0.0495242017099308,2.36118434589672,0.0313329654901819,0.381039167201015,-4.9304146109114
"cg19142026",-0.127685610935318,0.0558624547842015,-2.34562372325196,0.0323111382059945,0.384242168656673,-4.95915277194704
"cg03950599",0.12125898061366,-0.0530508040184761,2.32081286588585,0.0339302556571644,0.389570568393267,-5.00478391308395
"cg06864789",0.106732825864555,-0.0466956113157429,2.271259826063,0.037393757818601,0.401293270307563,-5.09519886415279
"cg23681866",-0.105735796859663,0.0462594111261024,-2.25733279385921,0.0384249864860492,0.404732664430917,-5.12043276283285
"cg07356745",0.114746860016649,-0.0502017512572838,2.25189547316532,0.0388347335569248,0.405774969778859,-5.13026289108443
"cg19172429",0.109758936846954,-0.0480195348705424,2.25069632355674,0.0389256449598576,0.406171493874741,-5.13242919356591
"cg21950155",0.11340937414755,-0.0496166011895532,2.24050455411749,0.0397063457270673,0.408722467482271,-5.15081692595528
"cg25755428",-0.20856514356964,0.0912472503117175,-2.184524843206,0.0442599379455289,0.420557308312237,-5.25103270191315
"cg21139150",0.265053976547945,-0.115961114739726,2.18338523416102,0.0443574691327601,0.420921381401956,-5.25305885720562
"cg01580228",0.111630889027845,-0.0488385139496824,2.14338372921384,0.0479093008255919,0.431770772881742,-5.32381581612988
"cg14318858",-0.105830166877761,0.0463006980090204,-2.13620979782552,0.0485733492292519,0.433142829402022,-5.33642978792348
"cg20130571",-0.104189468764342,0.0455828925843999,-2.13120421022112,0.0490416904756004,0.434705863865562,-5.34521731928342
"cg00637745",-0.121776187267471,0.0532770819295186,-2.129395768145,0.0492119134626818,0.435270291770841,-5.3483893144222
