"","logFC","AveExpr","t","P.Value","adj.P.Val","B"
"cg07839457",-0.248849287649868,-0.22281396071813,-14.0771907149088,5.33943381351532e-37,5.81197370601143e-32,72.3850351489411
"cg10439456",-0.103854086325348,-0.0929885736441075,-9.45691695012239,2.48599994190129e-19,1.5462919638626e-15,31.9153509545384
"cg08818207",-0.125353133183488,-0.112238328495191,-9.35951154599058,5.32692673887809e-19,2.77855625531552e-15,31.160001950617
"cg02838825",-0.102102989124821,-0.0914206812601804,-8.03096571443889,1.03356608672381e-14,1.77171131558877e-11,21.3922726483161
"cg16272981",-0.13816186670134,-0.123706975537939,-8.01793327217871,1.13288270845354e-14,1.91184934597159e-11,21.3016923486202
"cg25652701",0.103656900968602,0.092812018385512,7.98941923247513,1.38423063645209e-14,2.21578683496779e-11,21.1038835282709
"cg24142603",-0.134612001457276,-0.120528507387537,-7.81696072076223,4.60128648948791e-14,6.22173955752496e-11,19.9185371510463
"cg15498134",-0.140428964300495,-0.125736882877329,-7.54200475823767,3.00435481806421e-13,3.05629927052606e-10,18.0685892758415
"cg17515347",-0.107369909093033,-0.0961365609397477,-7.29388266085407,1.56633647618754e-12,1.22658795275549e-09,16.4423421528035
"cg27005749",0.115314395263949,0.103249872158475,7.26963643962942,1.8366161105444e-12,1.41784158604793e-09,16.2856660130135
"cg13940444",0.107817133207167,0.0965369951830592,7.02171129659856,9.14348327336617e-12,5.48357109810418e-09,14.7068963239954
"cg03607951",-0.123519241806604,-0.110596304099344,-6.98328903622661,1.16822650536092e-11,6.71036702419717e-09,14.4660640879329
"cg08309069",-0.14824229916384,-0.132732764214825,-6.93443679651174,1.59292849294699e-11,8.71307871644624e-09,14.1613603963542
"cg18297196",0.108984941779336,0.0975826242695758,6.87437685442941,2.32694000399895e-11,1.19475197846833e-08,13.7890702853907
"cg23304023",-0.110543054888416,-0.0989777231117689,-6.6674512960529,8.4240305192038e-11,3.53354806171612e-08,12.5262002205746
"cg22862003",-0.119620848545296,-0.107105771933501,-6.42393618767328,3.68351624052729e-10,1.23179951699354e-07,11.0799583664593
"cg21549285",-0.176478647793269,-0.158014944982781,-6.18299383473121,1.52055378534207e-09,4.04181390804602e-07,9.69241706119922
"cg05552874",-0.100286712179151,-0.0897944284231817,-6.14484551729329,1.8958483067766e-09,4.86132127662268e-07,9.47675167573334
"cg06482498",-0.100226489085174,-0.0897405060421997,-5.15214307063105,4.00865406862187e-07,3.39565755151355e-05,4.26574381028614
"cg13399903",-0.113573908656135,-0.101691480256588,-4.67034456982183,4.08108179157374e-06,0.000193689013740049,2.0264670062067
"cg17221813",0.100966248972916,0.0904028701266013,4.22715691203432,2.91953140983813e-05,0.000793152943375764,0.141801838730094
"cg08779649",-0.145284844055254,-0.13008472655069,-3.08698283773552,0.00215917809700182,0.0163622084626486,-3.90182135697743
"cg11965913",-0.100216443219904,-0.0897315112041963,-2.43637247734338,0.0152598366633838,0.0644422930349408,-5.66910022779642
