"","logFC","AveExpr","t","P.Value","adj.P.Val","B"
"cg06373940",-0.108650358714002,-0.0558232612260618,-17.262243571362,9.14409888331121e-56,1.17098254523344e-51,115.23283372879
"cg24514600",-0.104394316769714,-0.0536365575275454,-17.1222071533363,4.95967853772881e-55,4.69444355505897e-51,113.545821856736
"cg25140783",0.100159917596241,0.0514609736270965,16.7619567735146,3.74500403657567e-53,1.81174973058339e-49,109.231715657078
"cg04903759",-0.101603868221187,-0.0522028582732951,-16.4135483423645,2.36537487167221e-51,5.47810754854298e-48,105.096350275624
"cg07227049",-0.100446573633796,-0.0516082540876106,-16.3328782795757,6.14422022503144e-51,1.21599703908122e-47,104.144237597353
"cg09571972",-0.10257887132961,-0.0527038032665921,-16.314597103484,7.62590300978079e-51,1.44361659585155e-47,103.928760685552
"cg20107506",-0.10504736126993,-0.053972084019674,-16.1962383670253,3.08056717255813e-50,4.59342105113633e-47,102.536286491105
"cg04730794",-0.100537323600044,-0.0516548803402259,-16.0779349238404,1.23804273710067e-49,1.53137445378873e-46,101.149017486388
"cg00439981",-0.107446519186745,-0.0552047428042202,-15.7726781585909,4.38786026328021e-48,3.35170940110913e-45,97.5910500874256
"cg04858164",-0.103562391993623,-0.0532091244785816,-15.4304599734017,2.30656245863521e-46,1.18150269939973e-43,93.6406122112735
"cg08450017",0.105213654193767,0.0540575233448385,14.7499222343373,5.37007725834396e-43,1.44151149092661e-40,85.9126693196578
"cg05398700",-0.10308523430039,-0.0529639665345979,-14.0255955082732,1.68727052709887e-39,2.73914089298601e-37,77.8892986256536
