"","logFC","AveExpr","t","P.Value","adj.P.Val","B"
"cg20381115",0.118130346459445,-0.099478186492164,4.28395126396734,7.19419479341715e-05,0.999995587728954,0.517679790257235
"cg07100532",0.135160899057389,-0.113819704469381,4.05324468562246,0.000155864681930518,0.999995587728954,-0.228357375975623
"cg18435832",0.12972925295797,-0.109245686701449,4.02575207555125,0.000170687543829832,0.999995587728954,-0.315774246633158
"cg00025823",-0.102355457062744,0.0861940691054685,-4.02027729488145,0.000173797627066205,0.999995587728954,-0.333142895383542
"cg21667061",-0.110916812664241,0.0934036317172558,-3.75643993467648,0.000409178973595457,0.999995587728954,-1.15406207154634
"cg25481705",-0.101124502312461,0.0851574756315462,-3.74367615272179,0.000426178175022195,0.999995587728954,-1.19294490811163
"cg10871120",0.123649534547666,-0.104125923829613,3.67320770814399,0.000532902343548791,0.999995587728954,-1.40617068179918
"cg05769153",-0.104464356780495,0.0879699846572588,-3.52772000201344,0.000839529526300652,0.999995587728954,-1.83842082135993
"cg22332722",-0.103653894972673,0.0872874905033033,-3.47474725758807,0.00098825979874638,0.999995587728954,-1.9930467849008
"cg00337916",0.12341451515522,-0.10392801276229,3.44553776642703,0.00108065550455375,0.999995587728954,-2.07766096151552
"cg07280731",0.110953799232612,-0.0934347783011466,3.42342774634336,0.0011559867071375,0.999995587728954,-2.14139944580712
"cg02571201",-0.116238140296951,0.0978847497237483,-3.41660279949928,0.00118022882137765,0.999995587728954,-2.16102000409463
"cg08723318",-0.101789101917338,0.0857171384567053,-3.36628853647762,0.00137440521399654,0.999995587728954,-2.30486683239819
"cg24480453",0.10028218330466,-0.0844481543618188,3.29471533670986,0.00170330325400948,0.999995587728954,-2.50703378317897
"cg05366204",0.124313945746094,-0.104685427996711,3.24482869177093,0.00197508070948772,0.999995587728954,-2.64620289506002
"cg02565993",0.109134923647516,-0.0919030935979085,3.23703232194448,0.00202108037418118,0.999995587728954,-2.66782131358322
"cg27246129",-0.112470216193882,0.0947117610053745,-3.22858377916142,0.00207206629147266,0.999995587728954,-2.6912078036169
"cg14663451",0.100504750955167,-0.08463557975172,3.20033975510557,0.00225144529417071,0.999995587728954,-2.76908432288573
"cg02264471",-0.125082549195639,0.105332673006854,-3.11483870352852,0.00288754530381521,0.999995587728954,-3.00192331993067
"cg23916104",0.123145301975159,-0.103701306926449,3.10479335149022,0.00297246476000038,0.999995587728954,-3.02898794501402
"cg06893288",-0.100431811657173,0.0845741571849876,-3.10147631971607,0.00300101551519335,0.999995587728954,-3.03791124610631
"cg20430047",0.143310804077089,-0.120682782380707,3.04588267806241,0.0035194166114616,0.999995587728954,-3.18645466716175
"cg26293019",-0.128495363227407,0.108206621665185,-3.03922422589968,0.00358683154920957,0.999995587728954,-3.20411679128151
"cg01388847",0.136542961844841,-0.114983546816708,3.03435508130361,0.00363689141938386,0.999995587728954,-3.21701503915793
"cg11609571",0.103759593819984,-0.087376500058934,3.03377345897293,0.00364291451532781,0.999995587728954,-3.21855474850913
"cg23099211",-0.100256716319057,0.0844267084792063,-3.03054019835929,0.00367656722785041,0.999995587728954,-3.22711017913025
"cg00592643",-0.103430400128806,0.0870992843189942,-3.00466386677142,0.00395653517366821,0.999995587728954,-3.29534353981402
"cg12527110",-0.100863120321951,0.0849373644816433,-2.98832946923202,0.00414336551478184,0.999995587728954,-3.33819760456073
"cg17810588",0.102984221783451,-0.0867235551860639,2.97784194198623,0.00426761754943944,0.999995587728954,-3.36562264277825
"cg02605996",-0.107212712035117,0.0902843890822042,-2.96872200834899,0.00437847758068579,0.999995587728954,-3.38941430700816
"cg02895698",0.116884564859653,-0.0984291072502338,2.9537295879537,0.00456656214471621,0.999995587728954,-3.42841000779441
"cg15436354",0.122793064476773,-0.103404685875177,2.95256383409425,0.00458149728834699,0.999995587728954,-3.43143611444977
"cg01412970",0.124119568287675,-0.104521741715937,2.95225449413407,0.00458546803763037,0.999995587728954,-3.43223896363251
"cg22307444",0.106377217729762,-0.0895808149303263,2.91613414897801,0.00507174184308478,0.999995587728954,-3.52555927180735
"cg00313750",0.129754566403369,-0.109267003287048,2.87754633656331,0.0056438046850631,0.999995587728954,-3.62431618686312
"cg04382643",-0.116675926239178,0.0982534115698339,-2.87472260341052,0.00568792957769451,0.999995587728954,-3.63150454556229
"cg18976044",0.112486197861421,-0.0947252192517232,2.87321901695616,0.00571155539105666,0.999995587728954,-3.63533007217354
"cg15572235",0.112992424897968,-0.0951515157035516,2.84660225697606,0.00614511029921534,0.999995587728954,-3.70280291366415
"cg03396347",0.113110541649349,-0.0952509824415569,2.83154456322649,0.00640366125771864,0.999995587728954,-3.7407655608716
"cg01232511",0.123424556663425,-0.1039364687692,2.82769854276881,0.00647129226317557,0.999995587728954,-3.7504377060394
"cg12097325",0.11022810995824,-0.0928236715437808,2.7512233038245,0.00796067119077681,0.999995587728954,-3.94069446990236
"cg04043455",-0.152155489834598,0.128130938808082,-2.67978901488689,0.00963036150730542,0.999995587728954,-4.11480342154326
"cg23733394",0.101020009546938,-0.085069481723737,2.63079663282866,0.0109546347473701,0.999995587728954,-4.23216237786553
"cg01797450",-0.10517645077384,0.088569642756918,-2.63018335879767,0.0109722169112247,0.999995587728954,-4.23362074954163
"cg24661236",0.10287377644806,-0.0866305485878397,2.56709557263175,0.0129245413722911,0.999995587728954,-4.38221643807019
"cg16820615",0.100619352661191,-0.0847320864515291,2.5262678438831,0.0143509523616137,0.999995587728954,-4.47685984714889
"cg25301532",0.118458959896013,-0.0997549135966423,2.5047877514206,0.0151573134715505,0.999995587728954,-4.52616791049362
"cg26466587",-0.102186631434348,0.0860519001552403,-2.50130881876905,0.0152917003283759,0.999995587728954,-4.53412221805803
"cg23471067",0.102651198052395,-0.0864431141493852,2.49878825411209,0.0153897383399087,0.999995587728954,-4.53987976428589
"cg02835371",0.101984694667012,-0.0858818481406415,2.48756287578442,0.0158332844844037,0.999995587728954,-4.56546460704473
"cg05505459",0.107898065770672,-0.0908615290700397,2.42876063919405,0.0183507414311305,0.999995587728954,-4.69796955705413
"cg08242633",-0.113376029601575,0.0954745512434317,-2.41066674014325,0.0191947657590143,0.999995587728954,-4.73822594878431
"cg20848291",-0.103806330007974,0.0874158568488199,-2.33412072410687,0.0231634501760397,0.999995587728954,-4.90580667564459
"cg21052814",-0.100036342804611,0.08424113078283,-2.32374960027378,0.0237540053105339,0.999995587728954,-4.9281701551662
"cg19526166",-0.105963203024898,0.0892321709683348,-2.31574464401682,0.0242189558296542,0.999995587728954,-4.9453752042913
"cg25498107",0.113327320475932,-0.0954335330323636,2.29997012914127,0.0251589487740242,0.999995587728954,-4.97913562629432
"cg23737190",0.10404697811506,-0.0876185078863663,2.29179962504898,0.0256584566251414,0.999995587728954,-4.99654687913568
"cg09252806",-0.10356528160426,0.0872128687193765,-2.26923499726316,0.0270839884886833,0.999995587728954,-5.04436443240314
"cg02691506",0.110866290189468,-0.0933610864753417,2.22344972011939,0.03019375015094,0.999995587728954,-5.1401757712787
"cg16440561",-0.112283055979387,0.0945541524036944,-2.20802754191186,0.0313100013651269,0.999995587728954,-5.17208000277392
"cg22459517",0.154098314718897,-0.129767001868545,2.19908765787557,0.0319735750869166,0.999995587728954,-5.19048865431936
"cg21073930",-0.12039517764563,0.101385412754215,-2.18429461946659,0.0330988087829975,0.999995587728954,-5.22081164558247
"cg00078996",-0.107998091484834,0.0909457612503862,-2.12964968724643,0.0375624877719409,0.999995587728954,-5.33132065669604
"cg04546413",-0.139390060393454,0.117381103489225,-2.12762321713823,0.0377376844629192,0.999995587728954,-5.33537307404862
"cg07524919",0.113356473736406,-0.0954580831464473,2.11468572573243,0.0388730943184598,0.999995587728954,-5.36116722323167
"cg27102141",0.121913316203105,-0.102663845223667,2.10700298372999,0.0395613467070162,0.999995587728954,-5.37642118481368
"cg17248924",-0.105136758638709,0.0885362178010181,-2.08125326592989,0.0419461125404446,0.999995587728954,-5.42720048433992
"cg06618935",-0.104957855801965,0.0883855627806019,-2.06272998439265,0.0437379615648785,0.999995587728954,-5.46339782174406
"cg10071929",-0.112096528670103,0.0943970767748232,-2.01187830726519,0.049001999099047,0.999995587728954,-5.56133532543907
