"","logFC","AveExpr","t","P.Value","adj.P.Val","B"
"cg07839457",-0.192806464562836,-0.130144363579915,-16.5046443111536,3.22095790522688e-43,7.01202535967891e-38,86.9899572926965
"cg03044510",0.128496949798359,0.0867354411138925,11.5791003976092,1.34175061501096e-25,1.40105520828132e-21,46.5139667682902
"cg05860723",0.12217844978021,0.0824704536016415,11.4576103413357,3.49268314848554e-25,2.92445046702039e-21,45.5615392774321
"cg16026346",0.107417445859226,0.0725067759549775,10.7372418733695,9.41183895638274e-23,2.06965387960053e-19,39.9930850024511
"cg17216904",0.119065364592407,0.0803691210998747,10.6860440721677,1.39344682179035e-22,2.70851225985499e-19,39.6028660412454
"cg13525067",0.104261193006028,0.070376305279069,10.5161162482636,5.09709479584116e-22,7.59458142852285e-19,38.3133945605273
"cg13484946",0.113132368773248,0.0763643489219423,10.5018433280375,5.68147108952237e-22,8.13721221176987e-19,38.2054916936827
"cg13478228",0.109501456166341,0.07391348291228,10.3750705928795,1.48579421994163e-21,1.7919499640165e-18,37.2499150758686
"cg10536076",0.165811660394759,0.111922870766462,10.3711894738095,1.53005235463371e-21,1.82017703608611e-18,37.2207412215574
"cg00871698",0.100501547164108,0.0678385443357726,10.3701832681267,1.54173902307417e-21,1.82411187675678e-18,37.213178500226
"cg23668184",0.121382636019618,0.0819332793132419,10.1654629481086,7.20204223079237e-21,5.82856726261524e-18,35.6813805538359
"cg10904699",0.115670673727679,0.0780777047661835,10.0778084175719,1.38767723812716e-20,1.00032230046451e-17,35.0298041560128
"cg01581867",0.136196670233975,0.0919327524079333,10.0487564468123,1.72364804348072e-20,1.19123231449445e-17,34.8144285451471
"cg22862003",-0.112029609042676,-0.0756199861038063,-9.98607883438331,2.74899046579968e-20,1.77518594270248e-17,34.3507688157158
"cg15735664",0.123841084439531,0.0835927319966837,9.90178989466371,5.13904709628214e-20,2.92107193958387e-17,33.7294168650392
"cg14631386",0.104690912106214,0.0706663656716948,9.59916921750311,4.75842800927963e-19,1.88690305577445e-16,31.5198513571903
"cg02320481",0.138429609366617,0.0934399863224666,9.59891931776032,4.76711643807593e-19,1.88691136103478e-16,31.5180408504869
"cg17714025",0.10502453449101,0.0708915607814317,9.53340973579993,7.68412395852109e-19,2.76045179169974e-16,31.0442526565457
"cg20713816",0.15672543822669,0.105789670803016,9.50771207553492,9.26271241472321e-19,3.22638798829639e-16,30.8588494759991
"cg14326196",0.108262395900463,0.0730771172328128,9.48581794230925,1.08589271711196e-18,3.68219067949444e-16,30.7010901076451
"cg09469566",0.109338455416901,0.073803457406408,9.47287773194092,1.19277983013871e-18,3.99489490801843e-16,30.6079365353577
"cg00334798",0.127437957644169,0.0860206214098141,9.41728721506815,1.78404989585036e-18,5.58028250469285e-16,30.2085000355076
"cg12258042",0.100385557975976,0.0677602516337839,9.41609502331596,1.7994970989182e-18,5.59643597763561e-16,30.1999470694889
"cg24567424",0.102708261185213,0.069328076300019,9.04429953752832,2.57629026537813e-17,5.27618429701618e-15,27.5607290297576
"cg10318313",-0.101239088440885,-0.0683363846975978,-9.02749856791042,2.9017226273148e-17,5.82216604577356e-15,27.4428231160961
"cg17377625",0.100156763356809,0.0676058152658462,9.02239744560742,3.00837017421154e-17,5.97028257930247e-15,27.4070482546159
"cg12363722",0.104267442612121,0.0703805237631818,9.02041450704107,3.05086816220561e-17,6.04343948054742e-15,27.3931446368277
"cg22620221",0.123362473853695,0.0832696698512439,8.92240784015495,6.09037421392527e-17,1.10489538864294e-14,26.7080649271933
"cg10182317",0.109888921864684,0.0741750222586614,8.91119520241095,6.58991718176647e-17,1.18368396903512e-14,26.6299521384366
"cg10530883",0.114618560455817,0.0773675283076764,8.88932419732909,7.68410383573296e-17,1.35326575422495e-14,26.4777457812193
"cg18044383",0.100857271914678,0.0680786585424078,8.80320309567409,1.40420419993062e-16,2.25605353745311e-14,25.8804499977385
"cg12204732",0.100571616808225,0.0678858413455517,8.76341172115681,1.85328645150716e-16,2.86956230791684e-14,25.6055872652814
"cg14266050",0.112398808681256,0.0758691958598477,8.71582473990264,2.58031686714526e-16,3.82392771938408e-14,25.2778081631381
"cg00735667",0.1258601156469,0.0849555780616579,8.64388009296369,4.24771146517403e-16,5.86987989644475e-14,24.7842010452581
"cg15858239",0.101088500702178,0.0682347379739701,8.61751951972558,5.09595461886108e-16,6.86811276056423e-14,24.6039351310765
"cg24462596",0.11743081838741,0.0792658024115016,8.60786222863303,5.44702968601217e-16,7.27942518505126e-14,24.5379740616291
"cg25984344",0.102656608835321,0.0692932109638419,8.54510158857235,8.38987096480675e-16,1.0509061617022e-13,24.1103589254425
"cg26872137",0.117731852419759,0.079469000383337,8.52019455822838,9.95383963659592e-16,1.20856156658502e-13,23.9411648066588
"cg15980914",-0.101625504429337,-0.0685972154898022,-8.51902897606467,1.00337129033585e-15,1.2169021164686e-13,23.9332540860056
"cg21549285",-0.146349924980684,-0.0987861993619614,-8.44474360915493,1.6677273567088e-15,1.90530767427739e-13,23.4304039264783
"cg14875171",0.118597376682588,0.0800532292607471,8.39703664105627,2.30812093043951e-15,2.49864707387708e-13,23.1088472370408
"cg19761848",0.114755989285573,0.077460292767762,8.39356252018639,2.363297356389e-15,2.5507676474263e-13,23.0854732775047
"cg14603345",0.114168169660933,0.0770635145211296,8.33132490174135,3.60500955792243e-15,3.70137100326472e-13,22.6677205844398
"cg26115633",0.106106742431679,0.0716220511413834,8.2823968860615,5.0179244297831e-15,4.89427485826067e-13,22.3406214532649
"cg03817667",0.106840107586312,0.0721170726207609,8.05365831241683,2.3193056139942e-14,1.82674686022626e-12,20.8271110294171
"cg12097222",0.104478514263619,0.070522997127943,7.85673348983363,8.48802565504041e-14,5.6491690159043e-12,19.5453626951984
"cg21402921",0.105315290384078,0.0710878210092526,7.72525109338366,1.9965161804844e-13,1.18916982897799e-11,18.7008615903432
"cg18863595",0.115591821940849,0.0780244798100732,7.45487849057135,1.12675540075806e-12,5.38517345214118e-11,16.9936341922718
"cg00674365",0.102451206597337,0.0691545644532025,7.38782648605411,1.72024092812272e-12,7.8461439357284e-11,16.5765102530363
"cg18932726",0.101471850757584,0.0684934992613694,7.0476697651949,1.41636402627783e-11,5.00474677034057e-10,14.5001508259824
"cg14457074",-0.106738800983997,-0.0720486906641978,-6.19741039336873,2.04500972560447e-09,3.98852013316693e-08,9.6188319803156
