"","logFC","AveExpr","t","P.Value","adj.P.Val","B"
"cg09757087",0.166604027489329,0.0740462344397017,8.03907559685486,1.65124698709201e-09,0.00027996894609512,11.2442331711122
"cg00977403",0.157023015900072,0.0697880070666988,7.88628709117775,2.57206197606908e-09,0.00027996894609512,10.7981584572133
"cg25368647",-0.117192822020071,-0.0520856986755871,-6.67650286954051,9.34288339942891e-08,0.0022599396845063,7.18989847442905
"cg11321181",0.163483354387051,0.0726592686164669,6.59833984046606,1.18340512378342e-07,0.00257627295447651,6.95310901618825
"cg01850179",0.118900521207104,0.0528446760920461,6.19882411112794,3.98341381450028e-07,0.00394176903371232,5.73876093720768
"cg09439754",-0.132941167341335,-0.0590849632628156,-6.13723528045807,4.80632026440309e-07,0.00418534368624221,5.55113185217771
"cg06421590",0.109887428238178,0.0488388569947456,6.03644100790415,6.537550405065e-07,0.00440365374270395,5.2439326237152
"cg01807241",0.112016816008266,0.0497852515592295,5.91054523587515,9.60442320629505e-07,0.00486251844653589,4.86011179870685
"cg19821297",-0.115756951876542,-0.0514475341673521,-5.83907758593424,1.19501170448331e-06,0.00540350041288927,4.64222871238408
"cg14624145",-0.113536983027498,-0.0504608813455547,-5.8269153074272,1.24029777077029e-06,0.00540350041288927,4.6051529053658
"cg23733394",-0.253913269546284,-0.112850342020571,-5.80791131509081,1.3145244162491e-06,0.00551241082052278,4.54722347072581
"cg08364137",0.159485419462703,0.0708824086500901,5.74340697366104,1.60126092002066e-06,0.00580704325394633,4.35063011661129
"cg03272066",-0.12305793254369,-0.054692414463862,-5.54930892669804,2.89974767895483e-06,0.0076057237314273,3.75960577028428
"cg08234689",-0.105114217544694,-0.0467174300198638,-5.51107377277573,3.25952191584606e-06,0.00809524243225755,3.64331996895243
"cg25712005",0.146645050654335,0.0651755780685935,5.48566452879069,3.52293420375424e-06,0.00835397321039905,3.56607463567579
"cg02582520",0.12157748342183,0.054034437076369,5.25794019124329,7.06501568063563e-06,0.0116233752718385,2.87525280317321
"cg05867884",0.102965191811346,0.0457623074717092,5.21757850294895,7.99102114262096e-06,0.0126061253822361,2.75314881636043
"cg14003022",0.11584300112504,0.0514857782777954,5.20372654829275,8.33590604265055e-06,0.0128286805333614,2.71127081547388
"cg17198397",-0.105149099551084,-0.046732933133815,-5.08410083149995,1.20022899940304e-05,0.0147857713495207,2.3502548155986
"cg04825872",0.118224288103926,0.0525441280461895,5.08130091857008,1.21050223242991e-05,0.0147857713495207,2.3418198050753
"cg18657988",0.166761441989167,0.0741161964396298,5.02893702687941,1.41955971551148e-05,0.0158677450927935,2.18420394866599
"cg19317226",0.131937850934528,0.05863904485979,5.01075488579944,1.50023903395552e-05,0.0163276369818353,2.12953773277485
"cg15591803",-0.163886273963509,-0.0728383439837819,-4.99809504397963,1.55908716361982e-05,0.0163276369818353,2.0914944559778
"cg16303742",-0.101182577090244,-0.0449700342623306,-4.90563419570477,2.06425906890497e-05,0.0188818991302778,1.81416264124274
"cg09704168",-0.142854814525164,-0.0634910286778507,-4.86456053895582,2.33788453641396e-05,0.0202129565121898,1.69127394994767
"cg26209990",-0.110120278974099,-0.0489423462107104,-4.84159494174968,2.50624211940772e-05,0.0212299186535043,1.62265136838442
"cg01389428",-0.103579593010648,-0.0460353746713993,-4.83835837600911,2.53091513660558e-05,0.0213558226836835,1.61298554977435
"cg00737841",0.140715258884476,0.0625401150597669,4.82161963951763,2.66240964602148e-05,0.0215491048114398,1.56301724876348
"cg24467349",0.179798151209183,0.0799102894263038,4.81824824384135,2.68970178942678e-05,0.0216069402051,1.55295728561335
"cg16561657",0.129341738416903,0.0574852170741792,4.73446171709347,3.46446094229242e-05,0.024251226596047,1.30342598665022
"cg21428710",-0.114929022003376,-0.0510795653348339,-4.71031946959588,3.72612060766133e-05,0.0253510551725376,1.23170469092615
"cg20245362",-0.117487399052719,-0.0522166218012083,-4.70791322611073,3.75324727611032e-05,0.0254542657946797,1.22456082696928
"cg18942579",-0.12329562922678,-0.0547980574341242,-4.66696833500244,4.24592646048243e-05,0.0271066918019655,1.1031296768137
"cg08687025",-0.132233006037276,-0.058770224905456,-4.55909085246568,5.87104620080953e-05,0.0310224941241805,0.784429475121797
"cg13801271",0.107395936029524,0.0477315271242327,4.51589124914156,6.68201126205458e-05,0.0326697763029778,0.657340342256466
"cg08474748",-0.137731934839259,-0.061214193261893,-4.44947279766119,8.14885209555089e-05,0.0362525456533712,0.462582296593142
"cg26995224",0.116719216560606,0.0518752073602694,4.41843752046035,8.93883178069127e-05,0.0376785989984883,0.371854913849589
"cg27152312",-0.111105929800496,-0.0493804132446648,-4.41809273556075,8.94801822793682e-05,0.0376785989984883,0.370848002658475
"cg01427815",0.140793679326498,0.0625749685895546,4.41329264252581,9.07688094166682e-05,0.0379277731478094,0.356832145682132
"cg07992500",0.164971174400811,0.0733205219559158,4.34278708067561,0.000111938620514099,0.0417278042567111,0.151479406107203
"cg04890607",-0.11171365544865,-0.0496505135327332,-4.33189396911067,0.000115615812761208,0.0423245942601517,0.119840986778787
"cg07601320",-0.113083640094556,-0.0502593955975804,-4.32678731248744,0.00011738027775429,0.0425186130900314,0.105017360662254
"cg15825916",0.114556314478216,0.0509139175458738,4.31810492877726,0.00012044114775484,0.0432231690605979,0.0798264416622505
"cg07455790",-0.13055339856477,-0.0580237326954534,-4.31425050190669,0.000121824978468287,0.0433836584560767,0.068648280779068
"cg14042396",-0.100346441927388,-0.0445984186343945,-4.31009933410065,0.000123332812011723,0.0433900278742216,0.0566130059406929
"cg11266682",0.128414115767491,0.057072940341107,4.30998780431393,0.000123373574892711,0.0433900278742216,0.0562897027691589
"cg02707854",0.240567566922066,0.106918918632029,4.29796180849043,0.000127847447883406,0.0442488658274625,0.021443978016916
"cg25844590",0.15273680133521,0.0678830228156489,4.27780868510948,0.000135704401866622,0.0451725508965806,-0.0368817838765523
"cg04755604",0.163195482766464,0.0725313256739839,4.27210868622511,0.000138011314326752,0.0455371641417574,-0.05336257344113
"cg06935979",-0.115843536163724,-0.0514860160727662,-4.27094274391343,0.000138487915424567,0.0455420229424896,-0.056732878828563
"cg04692870",0.101613756331265,0.0451616694805622,4.26417624750567,0.000141285899795759,0.046183093671977,-0.0762865014831515
"cg02083676",0.102690049337778,0.0456400219279012,4.24636316286469,0.000148919590627696,0.0469852099705065,-0.127714578732775
"cg02389040",-0.131808963078967,-0.0585817613684297,-4.22217472894987,0.000159936264698939,0.048493210062617,-0.197436854187901
"cg16288318",0.150905098316183,0.06706893258497,4.20418953148639,0.000168641732735465,0.0487502720569086,-0.24919351492748
"cg07647771",0.100772491853794,0.0447877741572417,4.18363773262602,0.000179158750522449,0.0496851719601747,-0.30824591430308
"cg05857999",-0.129428309726861,-0.0575236932119383,-4.17402872415894,0.00018429385215936,0.0503770169253511,-0.335822453637572
"cg00158539",0.124340601464764,0.0552624895398952,4.15675946757681,0.000193887331514148,0.051355170656226,-0.38532860810959
"cg08291996",-0.125601667132289,-0.0558229631699062,-4.15354820078709,0.000195724408138797,0.051355170656226,-0.394526669559021
"cg26293019",-0.101051313436687,-0.0449116948607496,-4.12508440396531,0.000212770286183385,0.0532734659204637,-0.475948230466505
"cg18576957",-0.116174614163422,-0.0516331618504098,-4.12071334762498,0.000215513464048975,0.0532860972383312,-0.488434489049571
"cg27171569",0.141663519393947,0.0629615641750877,4.1044643920885,0.000226017580610394,0.0539310315994363,-0.534810026285216
"cg23155965",0.130331636034677,0.0579251715709673,4.10422144272151,0.000226178373221338,0.0539310315994363,-0.535502927854136
"cg07676517",-0.121669584136009,-0.0540753707271151,-4.09720567715058,0.000230870215501866,0.0548156874974338,-0.555505899432577
"cg02299497",-0.156168057159689,-0.0694080254043061,-4.09647931218388,0.000231361378946758,0.0548156874974338,-0.557576177085887
"cg25307665",0.127610904421292,0.0567159575205744,4.07652668633173,0.00024525984922853,0.0564408765085106,-0.614393597135287
"cg18753646",0.100595738479231,0.0447092171018804,4.06282388954993,0.000255274050982859,0.0569446820715161,-0.653356019944924
"cg09773458",-0.137813550955247,-0.0612504670912209,-4.02001641438329,0.000289200018855427,0.0613845297422879,-0.77476498286201
"cg24680439",0.137229401132015,0.0609908449475624,3.9372293912435,0.000367736882642164,0.0694330610157842,-1.00818592816054
"cg07839457",-0.110904651327492,-0.049290956145552,-3.93078677195221,0.000374654041857486,0.0698904755033203,-1.02627255851022
"cg12437481",0.133699334840999,0.0594219265959995,3.91438313928659,0.000392842883075259,0.0719388281941853,-1.07227064062347
"cg01430344",-0.113647303339841,-0.0505099125954848,-3.88151793075331,0.000431907249657386,0.075278621184383,-1.16419941835283
"cg11023668",-0.143554384995013,-0.0638019488866723,-3.87594611217529,0.000438894434014262,0.0758312049880197,-1.17975381390793
"cg22325292",0.160800939960589,0.0714670844269286,3.82703798785171,0.000505131333838091,0.080739420981316,-1.31589577445454
"cg27260867",0.133849387753983,0.0594886167795478,3.82387084475769,0.000509740326928054,0.0807645336042485,-1.32468740231287
"cg02398342",0.194249189593208,0.0863329731525369,3.81801718277406,0.000518366621633101,0.0816899621727583,-1.34092854736613
"cg06743703",-0.110646643673378,-0.0491762860770567,-3.79614535258871,0.000551870150609906,0.0836644371781174,-1.40152057174075
"cg26836402",-0.148133485394611,-0.0658371046198272,-3.7867000441023,0.000566979902885298,0.0845942686332867,-1.42764188762749
"cg07973095",0.122188494116092,0.0543059973849297,3.78236282527071,0.000574051951200587,0.085014360392087,-1.43962739663567
"cg23206463",0.122116605174565,0.0542740467442512,3.78180632385147,0.000574965525660901,0.08509053168922,-1.44116481646479
"cg26913058",0.165086908654562,0.0733719594020278,3.77975005680491,0.000578353424191513,0.0852637956977002,-1.44684473491861
"cg00600477",-0.125747753663408,-0.0558878905170701,-3.76521700664138,0.000602856198343054,0.0868550287012666,-1.48695113449844
"cg04836151",0.140412317002707,0.0624054742234255,3.76007076353761,0.000611771806986358,0.087246069850756,-1.50113723866639
"cg22877452",-0.107304617863746,-0.0476909412727759,-3.74991263780051,0.000629746969599098,0.0883511702513418,-1.52911462412418
"cg14671384",-0.117386435125094,-0.0521717489444864,-3.74519549184553,0.000638267190630435,0.08867311257195,-1.54209544756876
"cg17655970",0.12855159820774,0.0571340436478843,3.7447272577319,0.000639118995992759,0.0886786332029339,-1.54338356743588
"cg22249529",0.138810661558532,0.0616936273593478,3.73482240089257,0.000657398078577202,0.0901231496890786,-1.57061565869629
"cg10962762",-0.108997225107201,-0.0484432111587563,-3.73429541750332,0.000658384670598543,0.0901448696788069,-1.57206365356983
"cg22579075",-0.134809489825198,-0.0599153288111991,-3.72058596952821,0.000684560776530183,0.0911491627220923,-1.60970190318156
"cg20435535",-0.120103828963985,-0.053379479539549,-3.70458916973085,0.000716379414358838,0.0929968983338813,-1.65354327033709
"cg00159523",0.12508196494948,0.0555919844219912,3.70159724278127,0.000722487425059333,0.0934321212816508,-1.66173381907607
"cg03842440",-0.102394920390541,-0.0455088535069071,-3.69840078891578,0.000729068667991152,0.0937345812486029,-1.67048104248123
"cg13708645",0.109138599718366,0.0485060443192739,3.69750280725317,0.000730927956282026,0.0938778855944525,-1.67293780419269
"cg26896946",-0.163477554534234,-0.0726566909041043,-3.68421581620799,0.000758981059088399,0.0957819383362383,-1.70925837525907
"cg18803147",0.158585112062173,0.0704822720276324,3.67860258406123,0.000771142886660964,0.0965925238354959,-1.72458491322347
"cg17501823",-0.128401095076672,-0.0570671533674096,-3.67567535188256,0.000777559702204419,0.0966673646035872,-1.73257337830708
"cg12076931",0.103336864046475,0.0459274951317668,3.66834150720507,0.000793863895734698,0.0975529645405427,-1.75257506451554
"cg19825589",0.11568232413158,0.0514143662807023,3.66624980723625,0.000798574319215542,0.0975529645405427,-1.75827650120786
"cg17435683",0.103459061308117,0.0459818050258298,3.66280467895098,0.000806391580541921,0.0980186750887639,-1.76766385092033
"cg00809820",0.124772898192992,0.0554546214191075,3.6591105401676,0.000814856059365119,0.0986558199548951,-1.77772529706213
"cg06565913",0.121854877879325,0.0541577235019225,3.64775771162893,0.000841410125146918,0.100710828644709,-1.80861744721424
"cg16340422",0.124425089215383,0.0553000396512812,3.63140420368315,0.00088113547553295,0.102492732185987,-1.85304033075926
"cg09113483",-0.114766457938399,-0.0510073146392887,-3.62882250499858,0.000887570186175765,0.102943009872384,-1.86004497357478
"cg18888461",0.104537103420688,0.046460934853639,3.61181689150258,0.000931103679596814,0.105294364204621,-1.9061273579054
"cg24617313",-0.132660134139015,-0.0589600596173401,-3.60753309346906,0.000942390889201024,0.105588521142081,-1.91772002619134
"cg02848875",-0.101468153282767,-0.0450969570145633,-3.6003840379572,0.000961522380895954,0.106503371913089,-1.93705239199334
"cg27311590",0.184265516349419,0.081895785044186,3.59141641809111,0.000986050916589698,0.107641020365539,-1.96127733847232
"cg19504605",0.126990141148258,0.0564400627325589,3.59128279740958,0.000986420926179377,0.107641020365539,-1.96163808631328
"cg00561194",0.118910856794247,0.0528492696863318,3.58483805927278,0.00100442697639964,0.1084103880824,-1.97903010187602
"cg23679982",0.102125664964413,0.0453891844286278,3.57098272709025,0.00104421723479349,0.110085274583313,-2.01637114852989
"cg17471939",0.123562525298206,0.0549166779103137,3.56731746154459,0.00105499489739942,0.110207480404921,-2.02623793139529
"cg02343628",0.120883436335225,0.0537259717045443,3.56593170565557,0.00105909756530541,0.110213179758689,-2.02996710169533
"cg00951395",-0.112466663141635,-0.0499851836185044,-3.56578321127958,0.00105953810890145,0.110213179758689,-2.03036667042969
"cg00635560",-0.114677371551589,-0.0509677206895951,-3.54441645010017,0.00112480288633396,0.114008994880809,-2.08777830574075
"cg22582617",0.101607451136505,0.0451588671717799,3.53870343940827,0.00114289921643544,0.114391068337286,-2.10310117016306
"cg23024343",-0.131636728200804,-0.0585052125336908,-3.50537783796361,0.001254179585314,0.119542423696523,-2.19224737909848
"cg14210765",0.101836253986862,0.045260557327494,3.50012670676548,0.00127263874675084,0.120238155963508,-2.20625705602542
"cg07018435",0.111156498807809,0.0494028883590264,3.48115376539776,0.00134153613085886,0.123343697315329,-2.25679040542513
"cg19113954",0.13480224745992,0.0599121099821869,3.47326658224376,0.00137122029280446,0.124421427762024,-2.27775793322102
"cg05185784",0.124500748135444,0.0553336658379751,3.45087420524174,0.00145897580890037,0.127790903027681,-2.33715873809276
"cg15342452",-0.139295080065378,-0.0619089244735014,-3.44714003497336,0.00147412516533618,0.128315493200194,-2.34704595443624
"cg27023597",-0.143474737281818,-0.0637665499030305,-3.4445313859624,0.00148479782827638,0.128980528069634,-2.35394989499408
"cg10465839",0.100588100138576,0.0447058222838117,3.44337514933371,0.00148955198665163,0.129088416225031,-2.35700911043729
"cg27046936",0.121339315071771,0.0539285844763426,3.44129056609835,0.00149816022664962,0.129424397357787,-2.36252328889208
"cg25340688",-0.189036579342998,-0.0840162574857767,-3.43319627333847,0.00153204036001844,0.13053823341527,-2.38391866865783
"cg25401612",0.102153887503412,0.0454017277792945,3.42344082074797,0.00157385124075451,0.132135524532301,-2.40967142678375
"cg14866032",-0.139387027580209,-0.0619497900356485,-3.4155610451693,0.00160842027674387,0.133646219178298,-2.43044583568531
"cg10884544",-0.11746929852937,-0.0522085771241643,-3.41129712785926,0.0016274288114574,0.134004401805344,-2.4416772612358
"cg13428978",-0.105199398549979,-0.0467552882444353,-3.40879934021626,0.0016386638129559,0.134350152387176,-2.448253300777
"cg05820861",0.114909305709354,0.0510708025374907,3.40219340646302,0.00166873676058697,0.135174955207456,-2.46563329997954
"cg04546413",-0.169036281797611,-0.075127236354494,-3.39630473363869,0.00169598988391563,0.136141960814319,-2.48111179886155
"cg04329454",0.101005884368381,0.0448915041637248,3.39278176464483,0.00171249781065125,0.13686151739309,-2.49036548231686
"cg00463982",0.128252884372582,0.05700128194337,3.39075177723971,0.00172207973995865,0.137274536575979,-2.49569537371467
"cg24852442",-0.103880235995473,-0.0461689937757657,-3.38739512683688,0.00173803658562037,0.13789084770339,-2.50450495708233
"cg21721718",-0.194537552256609,-0.0864611343362705,-3.38233602920639,0.00176235447682908,0.138607142198588,-2.51777422712756
"cg04465154",-0.101787285111323,-0.0452387933828101,-3.37018094187693,0.00182212058153769,0.141184999008341,-2.54961372433029
"cg03352173",-0.108257153887445,-0.048114290616642,-3.35771456303896,0.0018854309690528,0.143769771337532,-2.58220739054746
"cg18236982",-0.131073272999286,-0.0582547879996827,-3.33300277346612,0.0020172071986921,0.148560895519375,-2.64663197068061
"cg15083578",0.102955884720838,0.045758170987039,3.32089833924364,0.00208492494695476,0.151152381329557,-2.6780981089033
"cg07302051",-0.111771331822113,-0.0496761474764944,-3.30925721337067,0.00215209662583288,0.15330871578659,-2.70830315125739
"cg06888460",0.114218790816815,0.0507639070296956,3.27362042144876,0.00237081834553016,0.159544715246342,-2.80041992906792
"cg05332483",-0.108578825180305,-0.0482572556356911,-3.24733055470353,0.00254560074142508,0.165376687976198,-2.8680337695045
"cg26834418",-0.10334172950953,-0.0459296575597912,-3.2432685582661,0.00257367809091045,0.165834898581994,-2.87845441881807
"cg09197432",-0.103134644755525,-0.0458376198913446,-3.23827779988406,0.0026085793574855,0.166551097391344,-2.89124803915442
"cg13581527",-0.100940782753,-0.0448625701124444,-3.23660561601211,0.00262037375780964,0.166897415762188,-2.89553222853261
"cg00290607",-0.103838811889416,-0.0461505830619627,-3.23350678817359,0.00264236512527827,0.167820805741148,-2.9034683480655
"cg18797653",-0.142895653311603,-0.0635091792496012,-3.18021211153508,0.00304921737195905,0.17821150108558,-3.0393035348586
"cg10089963",-0.109068099224926,-0.0484747107666337,-3.17503263872367,0.00309178815118459,0.179584386476224,-3.0524382353075
"cg06927813",-0.121805986143378,-0.0541359938415012,-3.15931839475234,0.00322442815963924,0.182468939525205,-3.09221514893046
"cg05630667",-0.14070273682412,-0.0625345496996087,-3.15118561868632,0.00329517959397035,0.183891463113906,-3.11275797761206
"cg06478886",-0.112825836388519,-0.0501448161726749,-3.13589653032286,0.00343219510723072,0.188095829508721,-3.15129650161806
"cg01837362",-0.114983962157925,-0.0511039831813,-3.13076949335041,0.00347933969824871,0.189552615692879,-3.16419630175839
"cg26476173",-0.123062338102999,-0.0546943724902219,-3.12882593643432,0.00349737129344611,0.190180569158943,-3.16908323458363
"cg21358336",-0.249521273600959,-0.110898343822648,-3.1227365314587,0.00355444202247855,0.191677490288229,-3.1843834603167
"cg27333952",0.141640466451818,0.0629513184230302,3.11496058813098,0.0036286034324461,0.193152653221879,-3.20389665467693
"cg02722613",0.145614835884487,0.0647177048375497,3.11193199408959,0.00365788292471813,0.193893623742668,-3.21148920749217
"cg21964928",-0.124922582532558,-0.0555211477922482,-3.10178740469187,0.00375759691637977,0.196279445005183,-3.23689052761296
"cg04880091",-0.10674916209174,-0.0474440720407735,-3.10090899881775,0.0037663510894645,0.196362253144602,-3.23908776119418
"cg14983838",-0.132618407468643,-0.0589415144305081,-3.10048028104381,0.00377063069247303,0.196379498026646,-3.24016002113117
"cg00112952",-0.24645351157564,-0.109534894033618,-3.09643207838347,0.00381126889157646,0.197317877666963,-3.25028073465169
"cg08745965",-0.1311929383486,-0.0583079725993776,-3.09228753199779,0.00385330370530546,0.198172505703992,-3.26063445306997
"cg09526685",0.127481318885728,0.0566583639492125,3.06524255607689,0.00413856354922258,0.205137815269981,-3.32800056148825
"cg03546163",-0.114978658543569,-0.0511016260193638,-3.06207595268687,0.00417324050642129,0.205584540102145,-3.33586581870034
"cg06381803",0.100232694556168,0.0445478642471858,3.04699723591964,0.00434216661392645,0.209080608425013,-3.37325362134773
"cg01348873",-0.211619098020298,-0.0940529324534658,-3.04425980160241,0.00437351877113867,0.209402616761411,-3.38002955900922
"cg15417244",-0.125291163032285,-0.0556849613476823,-3.03154204535334,0.00452200176706299,0.212190234497408,-3.41146286235798
"cg07676361",0.138252433492119,0.0614455259964973,3.0293922006777,0.00454756734276946,0.212904389359336,-3.41676880133276
"cg01201512",0.224142722177689,0.0996189876345285,3.02886474405493,0.00455386057693305,0.212924279982458,-3.4180702561565
"cg20639618",-0.115218650859893,-0.0512082892710635,-3.02566921907915,0.00459216341119528,0.213705424244808,-3.42595209365919
"cg15928106",-0.123407656561572,-0.0548478473606987,-3.02256136625127,0.00462970689238196,0.214307291191059,-3.43361298506923
"cg23758309",0.102498927766836,0.0455550790074825,2.97492675731197,0.00524262304702924,0.226404034585185,-3.55044757474153
"cg03602288",0.102514153258319,0.0455618458925862,2.97013468452624,0.00530834510038548,0.227168733708932,-3.56213981708755
"cg03486986",0.107942463381397,0.0479744281695096,2.96161107149028,0.00542716470904404,0.22930696442766,-3.58290867886666
"cg16711522",0.118182979009587,0.0525257684487053,2.95388973087215,0.00553695660361405,0.231317492344421,-3.60169163391303
"cg23958373",0.147964151010698,0.0657618448936436,2.95094579969328,0.00557936463148492,0.232096570599929,-3.60884524784882
"cg05516505",0.102646001391785,0.0456204450630157,2.90966939058935,0.00620704498956158,0.24238093170001,-3.7086876006772
"cg16006841",-0.241361481397172,-0.107271769509854,-2.89813048662668,0.0063940258773833,0.245672332069598,-3.73644463688348
"cg18770579",-0.100612275258738,-0.0447165667816614,-2.88693465988147,0.00658048566406791,0.249099587735626,-3.76331137012818
"cg20744163",0.157061016962246,0.069804896427665,2.88571273600596,0.00660114172002214,0.249156591332599,-3.76623974143547
"cg16101008",0.122726393032606,0.054545063570047,2.88163008908896,0.00667059848907508,0.250129167560812,-3.7760183391007
"cg26654770",0.1644520835946,0.0730898149309333,2.874814501446,0.00678807766804768,0.25191182317346,-3.79232363524842
"cg23883632",-0.122188503678587,-0.0543060016349275,-2.86906626316076,0.00688866266173006,0.253395355430572,-3.80605679993723
"cg02782634",-0.134953853557757,-0.0599794904701142,-2.86278974955755,0.00700008456248648,0.255284653910557,-3.82103251864966
"cg06060754",-0.216331791656138,-0.0961474629582835,-2.85667678347325,0.00711022278034878,0.257344058698759,-3.83559833661938
"cg24354818",-0.105398355773865,-0.0468437136772733,-2.82788206799953,0.00765116884862284,0.265443131483889,-3.90394678724209
"cg25244200",0.106969036166656,0.0475417938518472,2.8264356649456,0.00767933072018956,0.26586299060703,-3.90736853164687
"cg17515347",-0.13922035662817,-0.0618757140569644,-2.79544490397095,0.00830648561005361,0.274653997161098,-3.98041621575693
"cg01324343",0.135063272960388,0.0600281213157278,2.78720278606328,0.00848114657515536,0.276277507395855,-3.99975713967513
"cg16534802",-0.101250331115303,-0.0450001471623571,-2.78156208597795,0.00860264659620322,0.278482700965567,-4.01297251678974
"cg03039002",0.106844810907004,0.047486582625335,2.77050930351401,0.00884543781272962,0.281034998807828,-4.03881781853805
"cg15595755",-0.125776115793452,-0.055900495908201,-2.74943173501781,0.00932621436288572,0.287743320124748,-4.08792063718087
"cg23779604",0.1087623292362,0.0483388129938665,2.72173699627452,0.00999490132779742,0.296240982853846,-4.1520687075531
"cg01176329",-0.128208541501199,-0.0569815740005328,-2.70504830257546,0.0104190667117522,0.301582823953203,-4.19051891792404
"cg14390179",-0.10775932769782,-0.0478930345323645,-2.70489899966867,0.0104229357002769,0.301582823953203,-4.19086220637621
"cg25436886",0.101725634711954,0.0452113932053128,2.7038119715389,0.0104511447929207,0.301712534334816,-4.19336120752094
"cg07403350",-0.125306868982442,-0.0556919417699744,-2.69737058327313,0.0106197608353773,0.303296869083474,-4.20815593944967
"cg08899523",0.153165900005815,0.0680737333359179,2.69636078004219,0.010646421947397,0.303589175415194,-4.21047317163338
"cg22480783",0.119001245606937,0.0528894424919719,2.68677526621062,0.0109026085564188,0.306109617576179,-4.23244087842074
"cg24820672",0.103029268955207,0.0457907862023141,2.68025397930745,0.0110801506577991,0.308479387173144,-4.2473565383668
"cg16058600",-0.100342444828615,-0.0445966421460511,-2.6602036188137,0.0116429257653028,0.314202681251107,-4.29306546041598
"cg23489630",-0.124415221998259,-0.0552956542214486,-2.65862324696637,0.0116883893064221,0.314640397909356,-4.29665852766528
"cg01808030",0.130761046709425,0.0581160207597443,2.64357334055702,0.0121296368345528,0.319047706421344,-4.3308038492345
"cg11860238",0.133146587574408,0.0591762611441814,2.63004855378708,0.0125392451309102,0.322056601702022,-4.36137805605902
"cg20790798",0.10801924268592,0.0480085523048534,2.62339929800186,0.012745269815743,0.323360448823195,-4.37637070471992
"cg04535902",0.102148068366041,0.0453991414960183,2.62046148785887,0.0128372876268118,0.324026460592219,-4.38298668605292
"cg17509989",-0.246707538254899,-0.109647794779955,-2.59559538690698,0.013641030645266,0.331808505443083,-4.43878432499018
"cg15720535",0.109182411320406,0.0485255161424026,2.58959915500317,0.0138416590393832,0.333656543296321,-4.4521853245355
"cg21050282",0.100539065292546,0.0446840290189092,2.58749132925531,0.0139128276431562,0.334005093450624,-4.45689109538062
"cg20022454",-0.134933000653904,-0.0599702225128464,-2.5860822688673,0.0139605907602617,0.334605373611029,-4.46003539883394
"cg13900773",0.12411018059692,0.0551600802652978,2.57007559635792,0.0145138621032505,0.341028434402282,-4.49567191941559
"cg00094412",-0.100061534741742,-0.0444717932185519,-2.56577257140379,0.0146659960157192,0.342390062479579,-4.50522612734975
"cg12319143",0.187407928581162,0.0832924127027385,2.54507229906203,0.0154185371921301,0.348594898242027,-4.55103393518471
"cg23510089",0.114732441631664,0.0509921962807394,2.51992268111001,0.0163804337800522,0.356330547130907,-4.60634227156542
"cg15212418",-0.108342292536281,-0.048152130016125,-2.50405229484011,0.0170153919903618,0.36117890369557,-4.64104726103218
"cg05388281",0.12983500651019,0.0577044473378621,2.49555439887885,0.017364564822648,0.364116467478883,-4.65956725653149
"cg07452312",-0.104928719244435,-0.04663498633086,-2.47924943014024,0.0180529231240211,0.369315418601327,-4.69497796112872
"cg25404410",0.10999435219594,0.048886378753751,2.47447489296117,0.0182591581583179,0.371300916514878,-4.70531625830847
"cg03025830",0.106404955496658,0.0472910913318481,2.47367028948577,0.0182941237735025,0.371672281772581,-4.7070570817161
"cg03721064",0.100110047233014,0.0444933543257839,2.47148014206569,0.0183896106414207,0.372475923127356,-4.71179361625881
"cg20415053",-0.112530695309604,-0.0500136423598242,-2.45866600666155,0.0189574561999236,0.376823103710701,-4.73944674776397
"cg14329860",0.133527126500403,0.0593453895557349,2.45783595681469,0.0189947845616628,0.37706813242384,-4.74123450186275
"cg21306988",-0.122938707992361,-0.0546394257743827,-2.45235955977821,0.0192427484289996,0.378790825879663,-4.75301879200515
"cg18392139",-0.102675551749771,-0.045633578555454,-2.44663274901592,0.0195052017832264,0.380826484450928,-4.7653219727658
"cg04944931",0.163508677950801,0.0726705235336894,2.42580583053746,0.0204873843119611,0.387970038684233,-4.80989266153819
"cg12902206",0.100218688958243,0.0445416395369968,2.4151187700115,0.0210086451458329,0.391640867293015,-4.83265778384685
"cg02919615",0.110683774574564,0.0491927886998063,2.40656781712929,0.0214343609515407,0.39467704826673,-4.85082073498196
"cg10596692",0.100882312052346,0.044836583134376,2.39703793008029,0.0219180278128984,0.397543139368317,-4.87100842889751
"cg16958467",0.158521232793902,0.0704538812417342,2.38445085303511,0.0225720219799686,0.40140456683551,-4.89758377389504
"cg02341645",0.132855330435682,0.0590468135269697,2.36411388162348,0.0236661105480215,0.408297274061693,-4.94030741697802
"cg21637826",-0.112594785030941,-0.0500421266804184,-2.35942065086444,0.0239253135442296,0.409379922862436,-4.95012912852239
"cg06513375",0.110426945085935,0.0490786422604158,2.35495060770951,0.0241745735707741,0.411084856388549,-4.9594705476339
"cg05194426",-0.123600555873431,-0.0549335803881914,-2.35174350907955,0.0243548521796548,0.412482598374891,-4.96616472843549
"cg02755370",-0.113229305825046,-0.0503241359222428,-2.31940281486577,0.0262418147030316,0.423691087969462,-5.03329596462631
"cg15618908",-0.112751659281748,-0.0501118485696657,-2.31839981611707,0.0263023874499939,0.424004909016821,-5.03536702314704
"cg18232235",0.190132817411186,0.0845034744049716,2.29619713969007,0.0276758894218938,0.431638829346749,-5.08104319948007
"cg27573991",0.110743712743568,0.0492194278860303,2.27783515845626,0.0288601468730546,0.438679764528161,-5.11857198590209
"cg07234876",0.129194327528977,0.0574197011239895,2.26051199634438,0.0300188896479988,0.444791490987892,-5.15377180464144
"cg08422420",-0.116635510705622,-0.0518380047580544,-2.2147587609088,0.0332821763149139,0.461241134683283,-5.24576960356466
"cg18221580",-0.106073397166059,-0.047143732073804,-2.19480536444593,0.0348018692238148,0.469820440039327,-5.28544523490692
"cg13274077",0.104904933219159,0.0466244147640706,2.19459699795532,0.0348180596294873,0.469895950737052,-5.28585811516218
"cg17694851",-0.111967863931523,-0.0497634950806768,-2.18545501593943,0.0355350384331964,0.472512696488325,-5.30394366315616
"cg07970752",0.113499380679485,0.0504441691908822,2.17859690956813,0.0360814890013377,0.475221740915435,-5.3174732410766
"cg06791446",-0.113708268968437,-0.0505370084304164,-2.1625663025888,0.0373880252169348,0.480388319832056,-5.34897136028084
"cg05681977",0.101065419014152,0.0449179640062899,2.13868091189516,0.0394126250779459,0.489700384946736,-5.39557170859537
"cg00101154",0.11700229825542,0.0520010214468534,2.12678387625816,0.0404568014677923,0.493885481857623,-5.41863390499615
"cg06360820",0.106303773378061,0.0472461215013605,2.12363492527591,0.0407372388745766,0.494700557984902,-5.42472144421154
"cg00035636",-0.133411351847975,-0.0592939341546553,-2.06212764259162,0.0465697333166068,0.516910542412601,-5.54221724159327
"cg14076239",0.108218031369444,0.0480969028308641,2.05817707482612,0.0469682505238619,0.518304354798828,-5.54967150854799
"cg06218079",-0.101800435377753,-0.0452446379456679,-2.05071124539706,0.0477295456950116,0.520707697208921,-5.56372796015327
"cg03198009",-0.108142656401534,-0.0480634028451263,-2.04640711777468,0.0481733361998534,0.521784731098573,-5.57181336412607
