"","logFC","AveExpr","t","P.Value","adj.P.Val","B"
"cg20302533",0.130195149953016,0.0846268474694604,8.11091794003604,2.61776780110149e-14,5.69888050299795e-09,20.721100235639
"cg16474696",0.15304304789419,0.0994779811312235,6.14033708115807,3.39901318392056e-09,2.05545880594307e-05,9.12492815192622
"cg14964336",0.106163086070659,0.0690060059459284,5.78971338401428,2.20292883224039e-08,9.02664090329768e-05,7.29766942738529
"cg27353899",0.106443441790723,0.0691882371639702,5.76385470323672,2.52081365352911e-08,9.4617436616084e-05,7.16609036643971
"cg18918831",0.109278257614528,0.0710308674494433,5.74977966901329,2.71223327112647e-08,0.000100076810699022,7.09465826085204
"cg08477332",-0.130726140011526,-0.084971991007492,-5.64409381784176,4.67999253300725e-08,0.000154368844611467,6.56253615896306
"cg25755428",0.160442043047453,0.104287327980844,5.57814762089768,6.55381123762326e-08,0.000198161764782025,6.23432828527346
"cg03198009",-0.102208394331199,-0.0664354563152792,-4.86012311537878,2.12354488979539e-06,0.00259716698038458,2.8588662696298
"cg15570656",-0.106512416885199,-0.0692330709753796,-4.79067804514432,2.91702160355638e-06,0.0032087314269687,2.55235602204086
"cg13752114",0.111126493521537,0.0722322207889993,4.75688101656985,3.40016910478025e-06,0.00354170724454861,2.40450201457587
"cg26121931",0.109437926632153,0.0711346523108997,4.34743367380642,2.03822924096676e-05,0.0120576767869148,0.68308827465439
"cg11965913",0.104204295160878,0.0677327918545705,3.94069641375197,0.000106671123749953,0.036773827064825,-0.895176848086575
"cg24503407",0.10274862139737,0.0667866039082902,3.82802694576273,0.000164971902538146,0.0491977851815815,-1.3083866986281
"cg17178900",0.112557772764348,0.0731625522968264,3.78798437095505,0.000192165488134931,0.0550452983775981,-1.4526889201276
"cg06417478",0.100323258952574,0.065210118319173,2.98401535197182,0.00313962003789956,0.303177774825775,-4.05851766670567
